sequence_id,timestamp_us,x,y,w,h,class_id,confidence
2025_12_23_20_53_46_EVK4_mag7.3,2300,660,385,40,32,0,0.6217
2025_12_23_20_53_46_EVK4_mag7.3,42300,660,385,42,32,0,0.794
2025_12_23_20_53_46_EVK4_mag7.3,82300,660,385,44,33,0,0.8233
2025_12_23_20_53_46_EVK4_mag7.3,122300,660,385,36,28,0,0.8092
2025_12_23_20_53_46_EVK4_mag7.3,162300,660,385,31,25,0,0.8134
2025_12_23_20_53_46_EVK4_mag7.3,202300,659,384,32,26,0,0.8237
2025_12_23_20_53_46_EVK4_mag7.3,242300,659,384,33,26,0,0.7818
2025_12_23_20_53_46_EVK4_mag7.3,282300,659,384,30,24,0,0.663
2025_12_23_20_53_46_EVK4_mag7.3,322300,661,384,31,26,0,0.6192
2025_12_23_20_53_46_EVK4_mag7.3,362300,661,384,31,27,0,0.5081
2025_12_23_20_53_46_EVK4_mag7.3,402300,660,384,31,27,0,0.3782
2025_12_23_20_53_46_EVK4_mag7.3,722300,659,385,31,28,0,0.5066
2025_12_23_20_53_46_EVK4_mag7.3,762300,660,384,32,27,0,0.4037
2025_12_23_20_53_46_EVK4_mag7.3,802300,659,385,34,28,0,0.3707
2025_12_23_20_53_46_EVK4_mag7.3,842300,659,385,32,28,0,0.3929
2025_12_23_20_53_46_EVK4_mag7.3,962300,659,385,32,28,0,0.4803
2025_12_23_20_53_46_EVK4_mag7.3,1042300,659,384,30,28,0,0.4687
2025_12_23_20_53_46_EVK4_mag7.3,1122300,659,378,45,44,0,0.7317
2025_12_23_20_53_46_EVK4_mag7.3,1162300,659,371,37,43,0,0.5071
2025_12_23_20_53_46_EVK4_mag7.3,1202300,659,356,37,42,0,0.6768
2025_12_23_20_53_46_EVK4_mag7.3,1242300,660,349,44,44,0,0.736
2025_12_23_20_53_46_EVK4_mag7.3,1282300,661,341,43,47,0,0.7868
2025_12_23_20_53_46_EVK4_mag7.3,1322300,663,334,44,45,0,0.7989
2025_12_23_20_53_46_EVK4_mag7.3,1362300,664,326,42,46,0,0.7951
2025_12_23_20_53_46_EVK4_mag7.3,1402300,665,318,42,48,0,0.7102
2025_12_23_20_53_46_EVK4_mag7.3,1442300,668,311,44,48,0,0.7187
2025_12_23_20_53_46_EVK4_mag7.3,1482300,669,303,43,48,0,0.7751
2025_12_23_20_53_46_EVK4_mag7.3,1522300,669,296,46,50,0,0.7858
2025_12_23_20_53_46_EVK4_mag7.3,1562300,670,287,40,49,0,0.758
2025_12_23_20_53_46_EVK4_mag7.3,1602300,671,275,44,42,0,0.7799
2025_12_23_20_53_46_EVK4_mag7.3,1642300,672,273,44,45,0,0.799
2025_12_23_20_53_46_EVK4_mag7.3,1682300,675,265,44,47,0,0.7872
2025_12_23_20_53_46_EVK4_mag7.3,1722300,676,257,43,48,0,0.7774
2025_12_23_20_53_46_EVK4_mag7.3,1762300,676,245,41,42,0,0.737
2025_12_23_20_53_46_EVK4_mag7.3,1802300,677,237,42,44,0,0.752
2025_12_23_20_53_46_EVK4_mag7.3,1842300,678,229,43,43,0,0.7088
2025_12_23_20_53_46_EVK4_mag7.3,1882300,681,222,43,44,0,0.6922
2025_12_23_20_53_46_EVK4_mag7.3,1922300,681,214,47,41,0,0.7233
2025_12_23_20_53_46_EVK4_mag7.3,1962300,682,207,47,46,0,0.7482
2025_12_23_20_53_46_EVK4_mag7.3,2002300,683,199,45,45,0,0.7748
2025_12_23_20_53_46_EVK4_mag7.3,2042300,684,191,43,44,0,0.778
2025_12_23_20_53_46_EVK4_mag7.3,2082300,683,185,44,39,0,0.7021
2025_12_23_20_53_46_EVK4_mag7.3,2122300,683,185,45,41,0,0.6878
2025_12_23_20_53_46_EVK4_mag7.3,2162300,683,190,44,45,0,0.6923
2025_12_23_20_53_46_EVK4_mag7.3,2202300,683,185,45,40,0,0.6763
2025_12_23_20_53_46_EVK4_mag7.3,2242300,683,185,45,41,0,0.7036
2025_12_23_20_53_46_EVK4_mag7.3,2282300,683,185,44,41,0,0.7068
2025_12_23_20_53_46_EVK4_mag7.3,2322300,683,185,43,40,0,0.7256
2025_12_23_20_53_46_EVK4_mag7.3,2362300,684,185,42,39,0,0.7078
2025_12_23_20_53_46_EVK4_mag7.3,2402300,683,185,41,39,0,0.7041
2025_12_23_20_53_46_EVK4_mag7.3,2442300,683,184,41,39,0,0.73
2025_12_23_20_53_46_EVK4_mag7.3,2482300,683,185,41,37,0,0.7633
2025_12_23_20_53_46_EVK4_mag7.3,2522300,683,185,42,37,0,0.7378
2025_12_23_20_53_46_EVK4_mag7.3,2562300,683,184,43,39,0,0.7044
2025_12_23_20_53_46_EVK4_mag7.3,2602300,683,184,41,38,0,0.6837
2025_12_23_20_53_46_EVK4_mag7.3,2642300,683,184,42,38,0,0.7272
2025_12_23_20_53_46_EVK4_mag7.3,2682300,683,185,42,36,0,0.7441
2025_12_23_20_53_46_EVK4_mag7.3,2722300,683,184,41,35,0,0.7875
2025_12_23_20_53_46_EVK4_mag7.3,2762300,683,185,40,35,0,0.7786
2025_12_23_20_53_46_EVK4_mag7.3,2802300,683,184,40,35,0,0.7885
2025_12_23_20_53_46_EVK4_mag7.3,2842300,683,184,39,36,0,0.7853
2025_12_23_20_53_46_EVK4_mag7.3,2882300,684,184,37,35,0,0.778
2025_12_23_20_53_46_EVK4_mag7.3,2922300,684,184,38,35,0,0.7848
2025_12_23_20_53_46_EVK4_mag7.3,2962300,683,184,38,34,0,0.7845
2025_12_23_20_53_46_EVK4_mag7.3,3002300,683,184,37,34,0,0.7709
2025_12_23_20_53_46_EVK4_mag7.3,3042300,684,184,37,35,0,0.7898
2025_12_23_20_53_46_EVK4_mag7.3,3082300,684,184,38,34,0,0.7713
2025_12_23_20_53_46_EVK4_mag7.3,3122300,684,185,38,33,0,0.7712
2025_12_23_20_53_46_EVK4_mag7.3,3162300,684,184,39,34,0,0.7624
2025_12_23_20_53_46_EVK4_mag7.3,3202300,684,184,38,33,0,0.7807
2025_12_23_20_53_46_EVK4_mag7.3,3242300,685,184,38,34,0,0.7963
2025_12_23_20_53_46_EVK4_mag7.3,3282300,685,184,39,34,0,0.796
2025_12_23_20_53_46_EVK4_mag7.3,3322300,684,184,39,35,0,0.7973
2025_12_23_20_53_46_EVK4_mag7.3,3362300,683,183,39,35,0,0.7802
2025_12_23_20_53_46_EVK4_mag7.3,3402300,682,183,39,36,0,0.7089
2025_12_23_20_53_46_EVK4_mag7.3,3442300,682,183,39,37,0,0.7327
2025_12_23_20_53_46_EVK4_mag7.3,3482300,684,183,37,35,0,0.7549
2025_12_23_20_53_46_EVK4_mag7.3,3522300,684,183,38,34,0,0.7875
2025_12_23_20_53_46_EVK4_mag7.3,3562300,683,183,38,35,0,0.7928
2025_12_23_20_53_46_EVK4_mag7.3,3602300,683,183,38,34,0,0.7823
2025_12_23_20_53_46_EVK4_mag7.3,3642300,683,183,38,35,0,0.7829
2025_12_23_20_53_46_EVK4_mag7.3,3682300,683,183,38,35,0,0.7926
2025_12_23_20_53_46_EVK4_mag7.3,3722300,683,184,36,33,0,0.8076
2025_12_23_20_53_46_EVK4_mag7.3,3762300,684,184,36,33,0,0.8171
2025_12_23_20_53_46_EVK4_mag7.3,3802300,684,183,36,33,0,0.8137
2025_12_23_20_53_46_EVK4_mag7.3,3842300,684,183,35,32,0,0.804
2025_12_23_20_53_46_EVK4_mag7.3,3882300,684,184,33,32,0,0.7617
2025_12_23_20_53_46_EVK4_mag7.3,3922300,683,183,33,33,0,0.7864
2025_12_23_20_53_46_EVK4_mag7.3,3962300,684,184,34,35,0,0.8175
2025_12_23_20_53_46_EVK4_mag7.3,4002300,683,184,36,34,0,0.8409
2025_12_23_20_53_46_EVK4_mag7.3,4042300,684,184,37,35,0,0.8284
2025_12_23_20_53_46_EVK4_mag7.3,4082300,683,185,40,37,0,0.7952
2025_12_23_20_53_46_EVK4_mag7.3,4122300,682,191,44,44,0,0.7945
2025_12_23_20_53_46_EVK4_mag7.3,4162300,682,199,44,54,0,0.7182
2025_12_23_20_53_46_EVK4_mag7.3,4202300,681,207,53,54,0,0.5762
2025_12_23_20_53_46_EVK4_mag7.3,4242300,677,220,45,45,0,0.42
2025_12_23_20_53_46_EVK4_mag7.3,4282300,677,228,39,43,0,0.6125
2025_12_23_20_53_46_EVK4_mag7.3,4322300,676,234,42,43,0,0.6402
2025_12_23_20_53_46_EVK4_mag7.3,4362300,675,242,39,42,0,0.7077
2025_12_23_20_53_46_EVK4_mag7.3,4402300,673,250,43,47,0,0.687
2025_12_23_20_53_46_EVK4_mag7.3,4442300,672,258,38,47,0,0.7486
2025_12_23_20_53_46_EVK4_mag7.3,4482300,672,265,45,46,0,0.7859
2025_12_23_20_53_46_EVK4_mag7.3,4522300,671,273,42,46,0,0.7744
2025_12_23_20_53_46_EVK4_mag7.3,4562300,671,281,43,52,0,0.7338
2025_12_23_20_53_46_EVK4_mag7.3,4602300,670,289,38,49,0,0.7609
2025_12_23_20_53_46_EVK4_mag7.3,4642300,669,296,45,50,0,0.7589
2025_12_23_20_53_46_EVK4_mag7.3,4682300,668,304,44,52,0,0.7121
2025_12_23_20_53_46_EVK4_mag7.3,4722300,665,312,41,50,0,0.6825
2025_12_23_20_53_46_EVK4_mag7.3,4762300,664,319,40,48,0,0.7402
2025_12_23_20_53_46_EVK4_mag7.3,4802300,664,327,44,49,0,0.7931
2025_12_23_20_53_46_EVK4_mag7.3,4842300,663,334,44,48,0,0.8124
2025_12_23_20_53_46_EVK4_mag7.3,4882300,662,342,40,50,0,0.7549
2025_12_23_20_53_46_EVK4_mag7.3,4922300,661,349,42,48,0,0.7865
2025_12_23_20_53_46_EVK4_mag7.3,4962300,661,356,41,48,0,0.7524
2025_12_23_20_53_46_EVK4_mag7.3,5002300,659,365,44,51,0,0.7555
2025_12_23_20_53_46_EVK4_mag7.3,5042300,658,372,42,51,0,0.7253
2025_12_23_20_53_46_EVK4_mag7.3,5082300,657,379,41,48,0,0.7093
2025_12_23_20_53_46_EVK4_mag7.3,5122300,655,386,43,53,0,0.6444
2025_12_23_20_53_46_EVK4_mag7.3,5162300,651,400,47,45,0,0.6925
2025_12_23_20_53_46_EVK4_mag7.3,5202300,651,407,47,45,0,0.7117
2025_12_23_20_53_46_EVK4_mag7.3,5242300,651,415,48,45,0,0.7356
2025_12_23_20_53_46_EVK4_mag7.3,5282300,650,423,42,50,0,0.7746
2025_12_23_20_53_46_EVK4_mag7.3,5322300,648,431,48,50,0,0.8314
2025_12_23_20_53_46_EVK4_mag7.3,5362300,647,438,47,50,0,0.8066
2025_12_23_20_53_46_EVK4_mag7.3,5402300,646,446,46,49,0,0.8166
2025_12_23_20_53_46_EVK4_mag7.3,5442300,645,454,43,49,0,0.7902
2025_12_23_20_53_46_EVK4_mag7.3,5482300,644,462,52,53,0,0.8051
2025_12_23_20_53_46_EVK4_mag7.3,5522300,643,469,50,53,0,0.7564
2025_12_23_20_53_46_EVK4_mag7.3,5562300,643,477,46,54,0,0.7512
2025_12_23_20_53_46_EVK4_mag7.3,5602300,642,483,44,51,0,0.686
2025_12_23_20_53_46_EVK4_mag7.3,5642300,638,492,53,52,0,0.6834
2025_12_23_20_53_46_EVK4_mag7.3,5682300,638,499,50,56,0,0.7228
2025_12_23_20_53_46_EVK4_mag7.3,5722300,637,507,45,52,0,0.7468
2025_12_23_20_53_46_EVK4_mag7.3,5762300,636,514,41,54,0,0.6962
2025_12_23_20_53_46_EVK4_mag7.3,5802300,636,523,53,53,0,0.7621
2025_12_23_20_53_46_EVK4_mag7.3,5842300,634,535,49,48,0,0.7474
2025_12_23_20_53_46_EVK4_mag7.3,5882300,633,537,45,50,0,0.7538
2025_12_23_20_53_46_EVK4_mag7.3,5922300,632,550,50,47,0,0.784
2025_12_23_20_53_46_EVK4_mag7.3,5962300,631,557,47,48,0,0.7691
2025_12_23_20_53_46_EVK4_mag7.3,6002300,629,565,52,46,0,0.7341
2025_12_23_20_53_46_EVK4_mag7.3,6042300,629,567,48,54,0,0.7051
2025_12_23_20_53_46_EVK4_mag7.3,6082300,630,574,45,61,0,0.6413
2025_12_23_20_53_46_EVK4_mag7.3,6122300,635,580,52,48,0,0.622
2025_12_23_20_53_46_EVK4_mag7.3,6162300,644,579,58,49,0,0.6838
2025_12_23_20_53_46_EVK4_mag7.3,6202300,649,580,62,50,0,0.7436
2025_12_23_20_53_46_EVK4_mag7.3,6242300,660,580,63,52,0,0.7455
2025_12_23_20_53_46_EVK4_mag7.3,6282300,671,581,62,48,0,0.7366
2025_12_23_20_53_46_EVK4_mag7.3,6322300,675,581,66,49,0,0.6106
2025_12_23_20_53_46_EVK4_mag7.3,6362300,685,581,60,47,0,0.6169
2025_12_23_20_53_46_EVK4_mag7.3,6402300,698,582,58,47,0,0.6763
2025_12_23_20_53_46_EVK4_mag7.3,6442300,702,582,61,46,0,0.6658
2025_12_23_20_53_46_EVK4_mag7.3,6482300,713,583,53,44,0,0.7608
2025_12_23_20_53_46_EVK4_mag7.3,6522300,717,583,53,45,0,0.6821
2025_12_23_20_53_46_EVK4_mag7.3,6562300,726,587,57,45,0,0.7478
2025_12_23_20_53_46_EVK4_mag7.3,6602300,735,587,57,45,0,0.6717
2025_12_23_20_53_46_EVK4_mag7.3,6642300,738,588,61,51,0,0.682
2025_12_23_20_53_46_EVK4_mag7.3,6682300,751,589,58,48,0,0.651
2025_12_23_20_53_46_EVK4_mag7.3,6722300,754,589,57,46,0,0.7314
2025_12_23_20_53_46_EVK4_mag7.3,6762300,765,590,52,43,0,0.7321
2025_12_23_20_53_46_EVK4_mag7.3,6802300,770,591,55,45,0,0.6667
2025_12_23_20_53_46_EVK4_mag7.3,6842300,780,595,56,44,0,0.7367
2025_12_23_20_53_46_EVK4_mag7.3,6882300,789,595,52,46,0,0.7118
2025_12_23_20_53_46_EVK4_mag7.3,6922300,793,596,56,50,0,0.7519
2025_12_23_20_53_46_EVK4_mag7.3,6962300,804,597,59,50,0,0.7213
2025_12_23_20_53_46_EVK4_mag7.3,7002300,807,597,61,48,0,0.7253
2025_12_23_20_53_46_EVK4_mag7.3,7042300,818,597,49,44,0,0.6945
2025_12_23_20_53_46_EVK4_mag7.3,7082300,822,597,53,45,0,0.7693
2025_12_23_20_53_46_EVK4_mag7.3,7122300,822,595,55,45,0,0.7978
2025_12_23_20_53_46_EVK4_mag7.3,7162300,823,589,53,50,0,0.773
2025_12_23_20_53_46_EVK4_mag7.3,7202300,824,582,47,52,0,0.6743
2025_12_23_20_53_46_EVK4_mag7.3,7242300,824,580,44,59,0,0.5447
2025_12_23_20_53_46_EVK4_mag7.3,7282300,828,567,42,51,0,0.549
2025_12_23_20_53_46_EVK4_mag7.3,7322300,829,559,41,48,0,0.5268
2025_12_23_20_53_46_EVK4_mag7.3,7362300,829,552,41,46,0,0.7294
2025_12_23_20_53_46_EVK4_mag7.3,7402300,828,544,45,47,0,0.7772
2025_12_23_20_53_46_EVK4_mag7.3,7442300,829,537,44,49,0,0.7995
2025_12_23_20_53_46_EVK4_mag7.3,7482300,830,528,41,50,0,0.787
2025_12_23_20_53_46_EVK4_mag7.3,7522300,831,520,42,47,0,0.8003
2025_12_23_20_53_46_EVK4_mag7.3,7562300,831,514,44,45,0,0.848
2025_12_23_20_53_46_EVK4_mag7.3,7602300,833,507,44,47,0,0.8387
2025_12_23_20_53_46_EVK4_mag7.3,7642300,834,498,43,53,0,0.7955
2025_12_23_20_53_46_EVK4_mag7.3,7682300,834,490,42,49,0,0.7639
2025_12_23_20_53_46_EVK4_mag7.3,7722300,835,483,44,48,0,0.7733
2025_12_23_20_53_46_EVK4_mag7.3,7762300,837,475,47,50,0,0.7241
2025_12_23_20_53_46_EVK4_mag7.3,7802300,838,467,46,49,0,0.6727
2025_12_23_20_53_46_EVK4_mag7.3,7842300,841,454,49,45,0,0.7262
2025_12_23_20_53_46_EVK4_mag7.3,7882300,842,446,47,50,0,0.768
2025_12_23_20_53_46_EVK4_mag7.3,7922300,843,438,47,48,0,0.8252
2025_12_23_20_53_46_EVK4_mag7.3,7962300,845,431,45,48,0,0.8269
2025_12_23_20_53_46_EVK4_mag7.3,8002300,845,424,46,46,0,0.8091
2025_12_23_20_53_46_EVK4_mag7.3,8042300,846,417,43,49,0,0.7834
2025_12_23_20_53_46_EVK4_mag7.3,8082300,847,409,45,45,0,0.8049
2025_12_23_20_53_46_EVK4_mag7.3,8122300,845,402,46,45,0,0.767
2025_12_23_20_53_46_EVK4_mag7.3,8162300,843,402,49,45,0,0.7317
2025_12_23_20_53_46_EVK4_mag7.3,8202300,837,402,51,43,0,0.6818
2025_12_23_20_53_46_EVK4_mag7.3,8242300,833,402,54,47,0,0.7711
2025_12_23_20_53_46_EVK4_mag7.3,8282300,830,401,58,49,0,0.7342
2025_12_23_20_53_46_EVK4_mag7.3,8322300,821,400,60,49,0,0.7558
2025_12_23_20_53_46_EVK4_mag7.3,8362300,810,396,58,49,0,0.6406
2025_12_23_20_53_46_EVK4_mag7.3,8402300,806,395,67,55,0,0.6571
2025_12_23_20_53_46_EVK4_mag7.3,8442300,794,394,62,51,0,0.7507
2025_12_23_20_53_46_EVK4_mag7.3,8482300,783,394,53,45,0,0.715
2025_12_23_20_53_46_EVK4_mag7.3,8522300,778,393,59,46,0,0.7598
2025_12_23_20_53_46_EVK4_mag7.3,8562300,767,387,56,44,0,0.7645
2025_12_23_20_53_46_EVK4_mag7.3,8602300,755,387,57,47,0,0.7448
2025_12_23_20_53_46_EVK4_mag7.3,8642300,744,386,62,53,0,0.7302
2025_12_23_20_53_46_EVK4_mag7.3,8682300,739,385,65,50,0,0.7713
2025_12_23_20_53_46_EVK4_mag7.3,8722300,727,381,51,42,0,0.7534
2025_12_23_20_53_46_EVK4_mag7.3,8762300,718,380,55,42,0,0.7238
2025_12_23_20_53_46_EVK4_mag7.3,8802300,713,380,62,46,0,0.7944
2025_12_23_20_53_46_EVK4_mag7.3,8842300,703,378,56,46,0,0.7027
2025_12_23_20_53_46_EVK4_mag7.3,8882300,698,378,64,49,0,0.6292
2025_12_23_20_53_46_EVK4_mag7.3,8922300,688,377,60,46,0,0.6665
2025_12_23_20_53_46_EVK4_mag7.3,8962300,677,377,51,39,0,0.6227
2025_12_23_20_53_46_EVK4_mag7.3,9002300,671,373,54,43,0,0.7401
2025_12_23_20_53_46_EVK4_mag7.3,9042300,662,372,55,43,0,0.7598
2025_12_23_20_53_46_EVK4_mag7.3,9082300,657,372,63,45,0,0.7347
2025_12_23_20_53_46_EVK4_mag7.3,9122300,649,371,59,47,0,0.7597
2025_12_23_20_53_46_EVK4_mag7.3,9162300,645,371,64,51,0,0.6059
2025_12_23_20_53_46_EVK4_mag7.3,9202300,632,370,60,45,0,0.7211
2025_12_23_20_53_46_EVK4_mag7.3,9242300,621,369,51,45,0,0.7298
2025_12_23_20_53_46_EVK4_mag7.3,9282300,616,365,54,45,0,0.6834
2025_12_23_20_53_46_EVK4_mag7.3,9322300,607,365,57,43,0,0.7863
2025_12_23_20_53_46_EVK4_mag7.3,9362300,597,365,54,46,0,0.7532
2025_12_23_20_53_46_EVK4_mag7.3,9402300,593,364,62,52,0,0.7784
2025_12_23_20_53_46_EVK4_mag7.3,9442300,583,363,64,52,0,0.7047
2025_12_23_20_53_46_EVK4_mag7.3,9482300,579,362,64,49,0,0.6649
2025_12_23_20_53_46_EVK4_mag7.3,9522300,567,357,55,45,0,0.7136
2025_12_23_20_53_46_EVK4_mag7.3,9562300,558,357,54,44,0,0.7374
2025_12_23_20_53_46_EVK4_mag7.3,9602300,554,356,56,45,0,0.8155
2025_12_23_20_53_46_EVK4_mag7.3,9642300,543,356,55,47,0,0.7132
2025_12_23_20_53_46_EVK4_mag7.3,9682300,538,355,60,53,0,0.7311
2025_12_23_20_53_46_EVK4_mag7.3,9722300,527,350,57,46,0,0.7659
2025_12_23_20_53_46_EVK4_mag7.3,9762300,517,350,50,43,0,0.7617
2025_12_23_20_53_46_EVK4_mag7.3,9802300,511,349,55,47,0,0.8102
2025_12_23_20_53_46_EVK4_mag7.3,9842300,503,349,58,47,0,0.8096
2025_12_23_20_53_46_EVK4_mag7.3,9882300,499,349,64,49,0,0.8064
2025_12_23_20_53_46_EVK4_mag7.3,9922300,489,348,60,51,0,0.7348
2025_12_23_20_53_46_EVK4_mag7.3,9962300,485,347,67,54,0,0.6521
2025_12_23_20_53_46_EVK4_mag7.3,10002300,473,343,67,50,0,0.6616
2025_12_23_20_53_46_EVK4_mag7.3,10042300,463,343,55,45,0,0.702
2025_12_23_20_53_46_EVK4_mag7.3,10082300,457,342,53,48,0,0.7664
2025_12_23_20_53_46_EVK4_mag7.3,10122300,450,342,52,48,0,0.7665
2025_12_23_20_53_46_EVK4_mag7.3,10162300,448,342,55,51,0,0.7966
2025_12_23_20_53_46_EVK4_mag7.3,10202300,447,342,58,52,0,0.791
2025_12_23_20_53_46_EVK4_mag7.3,10242300,446,342,62,54,0,0.7896
2025_12_23_20_53_46_EVK4_mag7.3,10282300,445,342,67,57,0,0.781
2025_12_23_20_53_46_EVK4_mag7.3,10322300,444,342,69,59,0,0.7502
2025_12_23_20_53_46_EVK4_mag7.3,10362300,444,342,71,58,0,0.7178
2025_12_23_20_53_46_EVK4_mag7.3,10402300,443,341,70,58,0,0.6967
2025_12_23_20_53_46_EVK4_mag7.3,10442300,443,342,68,57,0,0.7106
2025_12_23_20_53_46_EVK4_mag7.3,10482300,443,342,68,55,0,0.6815
2025_12_23_20_53_46_EVK4_mag7.3,10522300,443,342,67,54,0,0.6864
2025_12_23_20_53_46_EVK4_mag7.3,10562300,443,342,67,55,0,0.6765
2025_12_23_20_53_46_EVK4_mag7.3,10602300,443,342,67,55,0,0.6575
2025_12_23_20_53_46_EVK4_mag7.3,10642300,443,342,65,55,0,0.6621
2025_12_23_20_53_46_EVK4_mag7.3,10682300,443,342,63,54,0,0.6758
2025_12_23_20_53_46_EVK4_mag7.3,10722300,443,342,62,53,0,0.6989
2025_12_23_20_53_46_EVK4_mag7.3,10762300,444,342,59,51,0,0.7299
2025_12_23_20_53_46_EVK4_mag7.3,10802300,444,342,57,49,0,0.7353
2025_12_23_20_53_46_EVK4_mag7.3,10842300,444,342,53,48,0,0.7366
2025_12_23_20_53_46_EVK4_mag7.3,10882300,445,342,53,47,0,0.7502
2025_12_23_20_53_46_EVK4_mag7.3,10922300,445,347,52,48,0,0.7555
2025_12_23_20_53_46_EVK4_mag7.3,10962300,446,348,51,47,0,0.7882
2025_12_23_20_53_46_EVK4_mag7.3,11002300,446,348,51,47,0,0.7836
2025_12_23_20_53_46_EVK4_mag7.3,11042300,447,348,50,47,0,0.7876
2025_12_23_20_53_46_EVK4_mag7.3,11082300,447,348,49,47,0,0.7969
2025_12_23_20_53_46_EVK4_mag7.3,11122300,447,348,50,47,0,0.7788
2025_12_23_20_53_46_EVK4_mag7.3,11162300,447,347,49,46,0,0.7605
2025_12_23_20_53_46_EVK4_mag7.3,11202300,448,347,50,44,0,0.752
2025_12_23_20_53_46_EVK4_mag7.3,11242300,448,347,49,44,0,0.7661
2025_12_23_20_53_46_EVK4_mag7.3,11282300,448,347,47,43,0,0.7714
2025_12_23_20_53_46_EVK4_mag7.3,11322300,448,343,47,42,0,0.7826
2025_12_23_20_53_46_EVK4_mag7.3,11362300,448,348,48,44,0,0.7886
2025_12_23_20_53_46_EVK4_mag7.3,11402300,449,348,46,44,0,0.7858
2025_12_23_20_53_46_EVK4_mag7.3,11442300,449,348,47,45,0,0.7821
2025_12_23_20_53_46_EVK4_mag7.3,11482300,449,348,45,43,0,0.8008
2025_12_23_20_53_46_EVK4_mag7.3,11522300,449,348,45,42,0,0.8062
2025_12_23_20_53_46_EVK4_mag7.3,11562300,449,348,44,40,0,0.8049
2025_12_23_20_53_46_EVK4_mag7.3,11602300,450,348,44,39,0,0.7947
2025_12_23_20_53_46_EVK4_mag7.3,11642300,449,348,43,38,0,0.7968
2025_12_23_20_53_46_EVK4_mag7.3,11682300,449,348,43,38,0,0.801
2025_12_23_20_53_46_EVK4_mag7.3,11722300,449,348,44,40,0,0.7932
2025_12_23_20_53_46_EVK4_mag7.3,11762300,449,348,43,40,0,0.797
2025_12_23_20_53_46_EVK4_mag7.3,11802300,449,348,41,40,0,0.798
2025_12_23_20_53_46_EVK4_mag7.3,11842300,449,348,41,39,0,0.8078
2025_12_23_20_53_46_EVK4_mag7.3,11882300,449,348,41,39,0,0.7977
2025_12_23_20_53_46_EVK4_mag7.3,11922300,450,348,41,38,0,0.7791
2025_12_23_20_53_46_EVK4_mag7.3,11962300,451,348,43,38,0,0.7741
2025_12_23_20_53_46_EVK4_mag7.3,12002300,450,348,43,38,0,0.7851
2025_12_23_20_53_46_EVK4_mag7.3,12042300,450,348,42,38,0,0.798
2025_12_23_20_53_46_EVK4_mag7.3,12082300,450,347,43,38,0,0.7945
2025_12_23_20_53_46_EVK4_mag7.3,12122300,450,347,42,37,0,0.7905
2025_12_23_20_53_46_EVK4_mag7.3,12162300,450,347,42,38,0,0.7695
2025_12_23_20_53_46_EVK4_mag7.3,12202300,450,347,42,38,0,0.772
2025_12_23_20_53_46_EVK4_mag7.3,12242300,451,348,42,39,0,0.7806
2025_12_23_20_53_46_EVK4_mag7.3,12282300,450,347,43,39,0,0.7786
2025_12_23_20_53_46_EVK4_mag7.3,12322300,450,348,43,37,0,0.803
2025_12_23_20_53_46_EVK4_mag7.3,12362300,451,350,45,43,0,0.7762
2025_12_23_20_53_46_EVK4_mag7.3,12402300,450,349,50,48,0,0.4375
2025_12_23_20_53_46_EVK4_mag7.3,12442300,754,425,63,55,0,0.4611
2025_12_23_20_53_46_EVK4_mag7.3,12482300,783,425,56,46,0,0.7536
2025_12_23_20_53_46_EVK4_mag7.3,12522300,740,415,88,60,0,0.4935
2025_12_23_20_53_46_EVK4_mag7.3,12562300,696,403,60,50,0,0.6401
2025_12_23_20_53_46_EVK4_mag7.3,12602300,704,403,58,46,0,0.6752
2025_12_23_20_53_46_EVK4_mag7.3,12642300,698,403,66,49,0,0.7731
2025_12_23_20_53_46_EVK4_mag7.3,12682300,687,401,61,46,0,0.8709
2025_12_23_20_53_46_EVK4_mag7.3,12722300,688,400,58,45,0,0.8219
2025_12_23_20_53_46_EVK4_mag7.3,12762300,685,400,58,44,0,0.8326
2025_12_23_20_53_46_EVK4_mag7.3,12802300,683,399,57,43,0,0.7088
2025_12_23_20_53_46_EVK4_mag7.3,12842300,683,395,59,46,0,0.7373
2025_12_23_20_53_46_EVK4_mag7.3,12882300,675,393,51,46,0,0.7615
2025_12_23_20_53_46_EVK4_mag7.3,12922300,673,387,51,46,0,0.6887
2025_12_23_20_53_46_EVK4_mag7.3,12962300,673,386,50,47,0,0.7178
2025_12_23_20_53_46_EVK4_mag7.3,13002300,671,386,54,50,0,0.7156
2025_12_23_20_53_46_EVK4_mag7.3,13042300,670,385,57,52,0,0.6326
2025_12_23_20_53_46_EVK4_mag7.3,13082300,670,385,57,54,0,0.5941
2025_12_23_20_53_46_EVK4_mag7.3,13122300,663,380,49,43,0,0.6564
2025_12_23_20_53_46_EVK4_mag7.3,13162300,662,379,48,43,0,0.729
2025_12_23_20_53_46_EVK4_mag7.3,13202300,662,379,48,43,0,0.7363
2025_12_23_20_53_46_EVK4_mag7.3,13242300,660,379,51,43,0,0.7701
2025_12_23_20_53_46_EVK4_mag7.3,13282300,660,378,52,44,0,0.7638
2025_12_23_20_53_46_EVK4_mag7.3,13322300,661,378,54,45,0,0.7463
2025_12_23_20_53_46_EVK4_mag7.3,13362300,658,379,58,47,0,0.7314
2025_12_23_20_53_46_EVK4_mag7.3,13402300,657,378,60,49,0,0.7041
2025_12_23_20_53_46_EVK4_mag7.3,13442300,657,378,59,48,0,0.7022
2025_12_23_20_53_46_EVK4_mag7.3,13482300,657,378,61,50,0,0.6617
2025_12_23_20_53_46_EVK4_mag7.3,13522300,651,373,52,46,0,0.6445
2025_12_23_20_53_46_EVK4_mag7.3,13562300,651,377,54,47,0,0.6388
2025_12_23_20_53_46_EVK4_mag7.3,13602300,650,377,54,47,0,0.6738
2025_12_23_20_53_46_EVK4_mag7.3,13642300,650,377,55,48,0,0.6838
2025_12_23_20_53_46_EVK4_mag7.3,13682300,650,378,56,48,0,0.7124
2025_12_23_20_53_46_EVK4_mag7.3,13722300,649,377,56,49,0,0.7034
2025_12_23_20_53_46_EVK4_mag7.3,13762300,649,377,56,49,0,0.6831
2025_12_23_20_53_46_EVK4_mag7.3,13802300,649,378,54,48,0,0.6851
2025_12_23_20_53_46_EVK4_mag7.3,13842300,649,378,53,47,0,0.7142
2025_12_23_20_53_46_EVK4_mag7.3,13882300,650,378,52,46,0,0.7537
2025_12_23_20_53_46_EVK4_mag7.3,13922300,650,378,49,43,0,0.7825
2025_12_23_20_53_46_EVK4_mag7.3,13962300,651,379,47,42,0,0.7798
2025_12_23_20_53_46_EVK4_mag7.3,14002300,651,379,46,41,0,0.7695
2025_12_23_20_53_46_EVK4_mag7.3,14042300,657,379,54,43,0,0.7236
2025_12_23_20_53_46_EVK4_mag7.3,14082300,657,379,53,42,0,0.735
2025_12_23_20_53_46_EVK4_mag7.3,14122300,658,379,52,42,0,0.7528
2025_12_23_20_53_46_EVK4_mag7.3,14162300,658,380,51,42,0,0.7582
2025_12_23_20_53_46_EVK4_mag7.3,14202300,658,379,51,43,0,0.7669
2025_12_23_20_53_46_EVK4_mag7.3,14242300,658,380,51,43,0,0.7673
2025_12_23_20_53_46_EVK4_mag7.3,14282300,659,380,53,45,0,0.7199
2025_12_23_20_53_46_EVK4_mag7.3,14322300,660,380,54,46,0,0.7152
2025_12_23_20_53_46_EVK4_mag7.3,14362300,661,380,54,46,0,0.7031
2025_12_23_20_53_46_EVK4_mag7.3,14402300,662,385,52,50,0,0.6904
2025_12_23_20_53_46_EVK4_mag7.3,14442300,662,385,53,51,0,0.6748
2025_12_23_20_53_46_EVK4_mag7.3,14482300,662,385,52,50,0,0.6763
2025_12_23_20_53_46_EVK4_mag7.3,14522300,662,385,52,50,0,0.7038
2025_12_23_20_53_46_EVK4_mag7.3,14562300,662,385,52,49,0,0.7011
2025_12_23_20_53_46_EVK4_mag7.3,14602300,662,385,53,51,0,0.6705
2025_12_23_20_53_46_EVK4_mag7.3,14642300,662,386,51,51,0,0.6875
2025_12_23_20_53_46_EVK4_mag7.3,14682300,662,386,50,48,0,0.7187
2025_12_23_20_53_46_EVK4_mag7.3,14722300,662,386,48,47,0,0.7169
2025_12_23_20_53_46_EVK4_mag7.3,14762300,663,386,48,47,0,0.7145
2025_12_23_20_53_46_EVK4_mag7.3,14802300,662,385,47,44,0,0.7652
2025_12_23_20_53_46_EVK4_mag7.3,14842300,662,385,46,43,0,0.7846
2025_12_23_20_53_46_EVK4_mag7.3,14882300,662,380,50,43,0,0.7596
2025_12_23_20_53_46_EVK4_mag7.3,14922300,663,378,49,47,0,0.7843
2025_12_23_20_53_46_EVK4_mag7.3,14962300,663,378,48,50,0,0.7373
2025_12_23_20_53_46_EVK4_mag7.3,15002300,663,378,48,50,0,0.7268
2025_12_23_20_53_46_EVK4_mag7.3,15042300,664,378,48,49,0,0.7087
2025_12_23_20_53_46_EVK4_mag7.3,15082300,664,377,47,48,0,0.6811
2025_12_23_20_53_46_EVK4_mag7.3,15122300,664,377,45,47,0,0.6925
2025_12_23_20_53_46_EVK4_mag7.3,15162300,664,377,44,44,0,0.7559
2025_12_23_20_53_46_EVK4_mag7.3,15202300,663,378,44,41,0,0.7871
2025_12_23_20_53_46_EVK4_mag7.3,15242300,663,378,43,40,0,0.7814
2025_12_23_20_53_46_EVK4_mag7.3,15282300,663,379,43,40,0,0.7785
2025_12_23_20_53_46_EVK4_mag7.3,15322300,663,379,43,41,0,0.7825
2025_12_23_20_53_46_EVK4_mag7.3,15362300,663,379,42,41,0,0.775
2025_12_23_20_53_46_EVK4_mag7.3,15402300,663,379,43,43,0,0.7608
2025_12_23_20_53_46_EVK4_mag7.3,15442300,664,379,44,44,0,0.7362
2025_12_23_20_53_46_EVK4_mag7.3,15482300,663,380,47,45,0,0.7057
2025_12_23_20_53_46_EVK4_mag7.3,15522300,663,380,47,45,0,0.6771
2025_12_23_20_53_46_EVK4_mag7.3,15562300,664,385,44,48,0,0.6687
2025_12_23_20_53_46_EVK4_mag7.3,15602300,663,385,44,48,0,0.6764
2025_12_23_20_53_46_EVK4_mag7.3,15642300,664,385,44,46,0,0.7031
2025_12_23_20_53_46_EVK4_mag7.3,15682300,664,385,45,47,0,0.6741
2025_12_23_20_53_46_EVK4_mag7.3,15722300,664,385,45,47,0,0.6478
2025_12_23_20_53_46_EVK4_mag7.3,15762300,663,380,46,45,0,0.6359
2025_12_23_20_53_46_EVK4_mag7.3,15802300,664,385,45,49,0,0.6096
2025_12_23_20_53_46_EVK4_mag7.3,15842300,664,385,46,48,0,0.6424
2025_12_23_20_53_46_EVK4_mag7.3,15882300,663,386,45,47,0,0.6656
2025_12_23_20_53_46_EVK4_mag7.3,15922300,663,386,45,49,0,0.6804
2025_12_23_20_53_46_EVK4_mag7.3,15962300,662,386,45,47,0,0.6992
2025_12_23_20_53_46_EVK4_mag7.3,16002300,662,386,45,47,0,0.7224
2025_12_23_20_53_46_EVK4_mag7.3,16042300,662,386,45,47,0,0.7139
2025_12_23_20_53_46_EVK4_mag7.3,16082300,662,386,45,45,0,0.7411
2025_12_23_20_53_46_EVK4_mag7.3,16122300,662,386,46,44,0,0.7676
2025_12_23_20_53_46_EVK4_mag7.3,16162300,662,386,47,44,0,0.7668
2025_12_23_20_53_46_EVK4_mag7.3,16202300,662,386,45,40,0,0.7956
2025_12_23_20_53_46_EVK4_mag7.3,16242300,663,372,48,54,0,0.5861
2025_12_23_20_53_46_EVK4_mag7.3,16282300,663,335,44,46,0,0.492
2025_12_23_20_53_46_EVK4_mag7.3,16322300,669,318,49,49,0,0.7768
2025_12_23_20_53_46_EVK4_mag7.3,16362300,671,303,48,47,0,0.7858
2025_12_23_20_53_46_EVK4_mag7.3,16402300,673,288,51,51,0,0.846
2025_12_23_20_53_46_EVK4_mag7.3,16442300,676,267,46,46,0,0.7044
2025_12_23_20_53_46_EVK4_mag7.3,16482300,678,251,45,54,0,0.6021
2025_12_23_20_53_46_EVK4_mag7.3,16522300,684,222,57,55,0,0.7823
2025_12_23_20_53_46_EVK4_mag7.3,16562300,686,206,52,56,0,0.6632
2025_12_23_20_53_46_EVK4_mag7.3,16602300,688,184,49,44,0,0.7349
2025_12_23_20_53_46_EVK4_mag7.3,16642300,690,167,58,56,0,0.7095
2025_12_23_20_53_46_EVK4_mag7.3,16682300,691,153,50,47,0,0.6844
2025_12_23_20_53_46_EVK4_mag7.3,16722300,697,117,53,50,0,0.734
2025_12_23_20_53_46_EVK4_mag7.3,16762300,699,102,60,57,0,0.7794
2025_12_23_20_53_46_EVK4_mag7.3,16802300,702,86,56,52,0,0.7654
2025_12_23_20_53_46_EVK4_mag7.3,16842300,705,63,53,54,0,0.6028
2025_12_23_20_53_46_EVK4_mag7.3,16882300,710,42,53,49,0,0.7406
2025_12_23_20_53_46_EVK4_mag7.3,16922300,713,12,47,48,0,0.5527
2025_12_23_20_53_46_EVK4_mag7.3,16962300,713,12,48,43,0,0.6741
2025_12_23_20_53_46_EVK4_mag7.3,17002300,712,19,46,48,0,0.3681
2025_12_23_20_53_46_EVK4_mag7.3,17042300,712,12,40,39,0,0.3462
2025_12_23_20_53_46_EVK4_mag7.3,19442300,709,11,50,43,0,0.7888
2025_12_23_20_53_46_EVK4_mag7.3,19482300,705,27,53,51,0,0.6892
2025_12_23_20_53_46_EVK4_mag7.3,19522300,703,48,53,54,0,0.7457
2025_12_23_20_53_46_EVK4_mag7.3,19562300,700,70,56,52,0,0.773
2025_12_23_20_53_46_EVK4_mag7.3,19602300,696,87,46,50,0,0.8189
2025_12_23_20_53_46_EVK4_mag7.3,19642300,695,103,57,58,0,0.7333
2025_12_23_20_53_46_EVK4_mag7.3,19682300,691,124,51,55,0,0.7488
2025_12_23_20_53_46_EVK4_mag7.3,19722300,688,147,48,52,0,0.8041
2025_12_23_20_53_46_EVK4_mag7.3,19762300,684,167,53,52,0,0.786
2025_12_23_20_53_46_EVK4_mag7.3,19802300,682,184,50,49,0,0.7346
2025_12_23_20_53_46_EVK4_mag7.3,19842300,678,206,46,47,0,0.6677
2025_12_23_20_53_46_EVK4_mag7.3,19882300,676,222,47,50,0,0.6874
2025_12_23_20_53_46_EVK4_mag7.3,19922300,674,244,46,50,0,0.7135
2025_12_23_20_53_46_EVK4_mag7.3,19962300,671,266,46,48,0,0.7952
2025_12_23_20_53_46_EVK4_mag7.3,20002300,669,282,47,55,0,0.7195
2025_12_23_20_53_46_EVK4_mag7.3,20042300,665,303,48,52,0,0.7027
2025_12_23_20_53_46_EVK4_mag7.3,20082300,663,325,47,49,0,0.7398
2025_12_23_20_53_46_EVK4_mag7.3,20122300,661,341,47,55,0,0.7574
2025_12_23_20_53_46_EVK4_mag7.3,20162300,658,363,48,47,0,0.7198
2025_12_23_20_53_46_EVK4_mag7.3,20202300,656,379,46,54,0,0.7233
2025_12_23_20_53_46_EVK4_mag7.3,20242300,651,401,51,49,0,0.7041
2025_12_23_20_53_46_EVK4_mag7.3,20282300,649,422,46,50,0,0.7537
2025_12_23_20_53_46_EVK4_mag7.3,20322300,647,439,53,55,0,0.8169
2025_12_23_20_53_46_EVK4_mag7.3,20362300,644,461,56,53,0,0.778
2025_12_23_20_53_46_EVK4_mag7.3,20402300,641,482,48,51,0,0.6776
2025_12_23_20_53_46_EVK4_mag7.3,20442300,638,499,59,61,0,0.7213
2025_12_23_20_53_46_EVK4_mag7.3,20482300,636,521,59,55,0,0.7824
2025_12_23_20_53_46_EVK4_mag7.3,20522300,633,543,50,51,0,0.8193
2025_12_23_20_53_46_EVK4_mag7.3,20562300,630,558,54,53,0,0.8167
2025_12_23_20_53_46_EVK4_mag7.3,20602300,628,575,53,52,0,0.6943
2025_12_23_20_53_46_EVK4_mag7.3,20642300,624,596,48,53,0,0.6431
2025_12_23_20_53_46_EVK4_mag7.3,20682300,622,617,47,50,0,0.7529
2025_12_23_20_53_46_EVK4_mag7.3,20722300,619,634,49,53,0,0.7465
2025_12_23_20_53_46_EVK4_mag7.3,20762300,617,655,47,49,0,0.7844
2025_12_23_20_53_46_EVK4_mag7.3,20802300,615,672,49,57,0,0.7378
2025_12_23_20_53_46_EVK4_mag7.3,20842300,611,693,49,53,0,0.7199
2025_12_23_20_53_46_EVK4_mag7.3,20882300,609,707,50,50,0,0.6872
2025_12_23_20_53_46_EVK4_mag7.3,20922300,609,708,45,52,0,0.5015
2025_12_23_20_53_46_EVK4_mag7.3,20962300,609,708,43,50,0,0.395
2025_12_23_20_53_46_EVK4_mag7.3,22682300,1101,709,47,43,0,0.8534
2025_12_23_20_53_46_EVK4_mag7.3,22722300,1104,693,44,49,0,0.6803
2025_12_23_20_53_46_EVK4_mag7.3,22762300,1106,678,47,54,0,0.6315
2025_12_23_20_53_46_EVK4_mag7.3,22802300,1110,650,54,49,0,0.7618
2025_12_23_20_53_46_EVK4_mag7.3,22842300,1113,633,46,50,0,0.8342
2025_12_23_20_53_46_EVK4_mag7.3,22882300,1116,617,55,58,0,0.8209
2025_12_23_20_53_46_EVK4_mag7.3,22922300,1118,596,47,55,0,0.7278
2025_12_23_20_53_46_EVK4_mag7.3,22962300,1122,573,48,52,0,0.7736
2025_12_23_20_53_46_EVK4_mag7.3,23002300,1124,557,60,57,0,0.827
2025_12_23_20_53_46_EVK4_mag7.3,23042300,1128,536,51,51,0,0.8164
2025_12_23_20_53_46_EVK4_mag7.3,23082300,1131,514,47,50,0,0.8098
2025_12_23_20_53_46_EVK4_mag7.3,23122300,1135,498,52,49,0,0.6744
2025_12_23_20_53_46_EVK4_mag7.3,23162300,1137,476,45,50,0,0.6617
2025_12_23_20_53_46_EVK4_mag7.3,23202300,1139,455,47,48,0,0.7701
2025_12_23_20_53_46_EVK4_mag7.3,23242300,1140,439,51,51,0,0.8111
2025_12_23_20_53_46_EVK4_mag7.3,23282300,1136,430,52,53,0,0.7823
2025_12_23_20_53_46_EVK4_mag7.3,23322300,1126,430,58,51,0,0.8729
2025_12_23_20_53_46_EVK4_mag7.3,23362300,1116,433,66,51,0,0.7799
2025_12_23_20_53_46_EVK4_mag7.3,23402300,1099,433,71,49,0,0.7317
2025_12_23_20_53_46_EVK4_mag7.3,23442300,1073,429,70,51,0,0.7419
2025_12_23_20_53_46_EVK4_mag7.3,23482300,1046,424,63,52,0,0.8278
2025_12_23_20_53_46_EVK4_mag7.3,23522300,1022,422,64,50,0,0.7443
2025_12_23_20_53_46_EVK4_mag7.3,23562300,1004,416,66,52,0,0.7776
2025_12_23_20_53_46_EVK4_mag7.3,23602300,979,411,65,45,0,0.7132
2025_12_23_20_53_46_EVK4_mag7.3,23642300,954,408,66,45,0,0.8082
2025_12_23_20_53_46_EVK4_mag7.3,23682300,937,407,64,43,0,0.7374
2025_12_23_20_53_46_EVK4_mag7.3,23722300,914,403,62,45,0,0.7785
2025_12_23_20_53_46_EVK4_mag7.3,23762300,897,402,63,43,0,0.7466
2025_12_23_20_53_46_EVK4_mag7.3,23802300,873,400,65,46,0,0.771
2025_12_23_20_53_46_EVK4_mag7.3,23842300,850,396,67,50,0,0.7504
2025_12_23_20_53_46_EVK4_mag7.3,23882300,833,394,65,50,0,0.8142
2025_12_23_20_53_46_EVK4_mag7.3,23922300,817,387,65,48,0,0.7181
2025_12_23_20_53_46_EVK4_mag7.3,23962300,793,385,68,49,0,0.826
2025_12_23_20_53_46_EVK4_mag7.3,24002300,776,380,64,45,0,0.6718
2025_12_23_20_53_46_EVK4_mag7.3,24042300,753,379,66,48,0,0.8104
2025_12_23_20_53_46_EVK4_mag7.3,24082300,730,377,60,41,0,0.6519
2025_12_23_20_53_46_EVK4_mag7.3,24122300,715,377,65,43,0,0.7094
2025_12_23_20_53_46_EVK4_mag7.3,24162300,697,372,67,48,0,0.7389
2025_12_23_20_53_46_EVK4_mag7.3,24202300,674,370,64,46,0,0.7726
2025_12_23_20_53_46_EVK4_mag7.3,24242300,651,366,62,48,0,0.6658
2025_12_23_20_53_46_EVK4_mag7.3,24282300,635,365,71,56,0,0.7999
2025_12_23_20_53_46_EVK4_mag7.3,24322300,617,363,72,57,0,0.7596
2025_12_23_20_53_46_EVK4_mag7.3,24362300,594,358,69,55,0,0.7831
2025_12_23_20_53_46_EVK4_mag7.3,24402300,577,355,69,54,0,0.8071
2025_12_23_20_53_46_EVK4_mag7.3,24442300,557,355,67,49,0,0.7528
2025_12_23_20_53_46_EVK4_mag7.3,24482300,538,351,70,50,0,0.7106
2025_12_23_20_53_46_EVK4_mag7.3,24522300,515,349,61,42,0,0.7333
2025_12_23_20_53_46_EVK4_mag7.3,24562300,500,348,67,44,0,0.7644
2025_12_23_20_53_46_EVK4_mag7.3,24602300,476,343,65,44,0,0.6642
2025_12_23_20_53_46_EVK4_mag7.3,24642300,459,342,61,44,0,0.8103
2025_12_23_20_53_46_EVK4_mag7.3,24682300,438,340,61,45,0,0.7489
2025_12_23_20_53_46_EVK4_mag7.3,24722300,420,335,69,53,0,0.7745
2025_12_23_20_53_46_EVK4_mag7.3,24762300,397,334,68,51,0,0.7581
2025_12_23_20_53_46_EVK4_mag7.3,24802300,380,332,68,52,0,0.7518
2025_12_23_20_53_46_EVK4_mag7.3,24842300,363,325,67,52,0,0.7944
2025_12_23_20_53_46_EVK4_mag7.3,24882300,342,324,70,51,0,0.7404
2025_12_23_20_53_46_EVK4_mag7.3,24922300,323,320,69,51,0,0.719
2025_12_23_20_53_46_EVK4_mag7.3,24962300,300,318,62,44,0,0.7812
2025_12_23_20_53_46_EVK4_mag7.3,25002300,285,318,66,46,0,0.742
2025_12_23_20_53_46_EVK4_mag7.3,25042300,262,313,67,48,0,0.7228
2025_12_23_20_53_46_EVK4_mag7.3,25082300,244,311,64,50,0,0.7739
2025_12_23_20_53_46_EVK4_mag7.3,25122300,222,310,64,48,0,0.8196
2025_12_23_20_53_46_EVK4_mag7.3,25162300,204,306,68,51,0,0.719
2025_12_23_20_53_46_EVK4_mag7.3,25202300,181,303,70,51,0,0.7697
2025_12_23_20_53_46_EVK4_mag7.3,25242300,165,302,66,49,0,0.7407
2025_12_23_20_53_46_EVK4_mag7.3,25282300,154,297,59,48,0,0.8008
2025_12_23_20_53_46_EVK4_mag7.3,25322300,152,296,58,47,0,0.7719
2025_12_23_20_53_46_EVK4_mag7.3,25362300,151,296,59,49,0,0.7243
2025_12_23_20_53_46_EVK4_mag7.3,25402300,144,296,52,45,0,0.6417
2025_12_23_20_53_46_EVK4_mag7.3,25442300,150,296,60,50,0,0.647
2025_12_23_20_53_46_EVK4_mag7.3,25482300,143,296,55,48,0,0.6458
2025_12_23_20_53_46_EVK4_mag7.3,25522300,142,296,54,47,0,0.661
2025_12_23_20_53_46_EVK4_mag7.3,25562300,143,296,55,48,0,0.6538
2025_12_23_20_53_46_EVK4_mag7.3,25602300,143,296,54,48,0,0.6587
2025_12_23_20_53_46_EVK4_mag7.3,25642300,143,296,57,49,0,0.6666
2025_12_23_20_53_46_EVK4_mag7.3,25682300,143,296,55,47,0,0.6638
2025_12_23_20_53_46_EVK4_mag7.3,25722300,151,296,60,50,0,0.6499
2025_12_23_20_53_46_EVK4_mag7.3,25762300,150,297,57,50,0,0.6235
2025_12_23_20_53_46_EVK4_mag7.3,25802300,150,297,57,49,0,0.6558
2025_12_23_20_53_46_EVK4_mag7.3,25842300,151,297,57,49,0,0.6777
2025_12_23_20_53_46_EVK4_mag7.3,25882300,151,297,57,50,0,0.704
2025_12_23_20_53_46_EVK4_mag7.3,25922300,152,297,57,50,0,0.7053
2025_12_23_20_53_46_EVK4_mag7.3,25962300,153,297,56,49,0,0.7124
2025_12_23_20_53_46_EVK4_mag7.3,26002300,153,297,56,49,0,0.7237
2025_12_23_20_53_46_EVK4_mag7.3,26042300,154,297,56,49,0,0.719
2025_12_23_20_53_46_EVK4_mag7.3,26082300,155,296,55,49,0,0.7064
2025_12_23_20_53_46_EVK4_mag7.3,26122300,155,296,54,48,0,0.7104
2025_12_23_20_53_46_EVK4_mag7.3,26162300,155,297,54,48,0,0.7035
2025_12_23_20_53_46_EVK4_mag7.3,26202300,155,297,55,48,0,0.7227
2025_12_23_20_53_46_EVK4_mag7.3,26242300,156,297,54,48,0,0.703
2025_12_23_20_53_46_EVK4_mag7.3,26282300,156,297,54,47,0,0.7015
2025_12_23_20_53_46_EVK4_mag7.3,26322300,156,297,52,46,0,0.695
2025_12_23_20_53_46_EVK4_mag7.3,26362300,156,297,52,47,0,0.7044
2025_12_23_20_53_46_EVK4_mag7.3,26402300,156,297,53,47,0,0.6886
2025_12_23_20_53_46_EVK4_mag7.3,26442300,156,297,52,45,0,0.6901
2025_12_23_20_53_46_EVK4_mag7.3,26482300,156,297,52,46,0,0.6881
2025_12_23_20_53_46_EVK4_mag7.3,26522300,156,297,52,46,0,0.6953
2025_12_23_20_53_46_EVK4_mag7.3,26562300,156,297,53,46,0,0.6846
2025_12_23_20_53_46_EVK4_mag7.3,26602300,156,297,52,45,0,0.6796
2025_12_23_20_53_46_EVK4_mag7.3,26642300,157,297,51,44,0,0.6826
2025_12_23_20_53_46_EVK4_mag7.3,26682300,156,297,50,43,0,0.6802
2025_12_23_20_53_46_EVK4_mag7.3,26722300,157,297,51,43,0,0.6857
2025_12_23_20_53_46_EVK4_mag7.3,26762300,157,297,51,44,0,0.6702
2025_12_23_20_53_46_EVK4_mag7.3,26802300,157,297,50,44,0,0.682
2025_12_23_20_53_46_EVK4_mag7.3,26842300,157,297,49,44,0,0.6837
2025_12_23_20_53_46_EVK4_mag7.3,26882300,157,297,48,43,0,0.7081
2025_12_23_20_53_46_EVK4_mag7.3,26922300,157,297,49,42,0,0.7156
2025_12_23_20_53_46_EVK4_mag7.3,26962300,157,297,51,42,0,0.7168
2025_12_23_20_53_46_EVK4_mag7.3,27002300,157,297,51,42,0,0.6996
2025_12_23_20_53_46_EVK4_mag7.3,27042300,157,297,50,42,0,0.7038
2025_12_23_20_53_46_EVK4_mag7.3,27082300,156,297,50,42,0,0.7204
2025_12_23_20_53_46_EVK4_mag7.3,27122300,157,297,51,43,0,0.7175
2025_12_23_20_53_46_EVK4_mag7.3,27162300,157,297,49,42,0,0.7219
2025_12_23_20_53_46_EVK4_mag7.3,27202300,156,297,49,42,0,0.7458
2025_12_23_20_53_46_EVK4_mag7.3,27242300,157,297,49,42,0,0.7407
2025_12_23_20_53_46_EVK4_mag7.3,27282300,157,297,50,43,0,0.7465
2025_12_23_20_53_46_EVK4_mag7.3,27322300,158,297,52,45,0,0.7757
2025_12_23_20_53_46_EVK4_mag7.3,27362300,158,297,53,45,0,0.7512
2025_12_23_20_53_46_EVK4_mag7.3,27402300,158,297,51,45,0,0.728
2025_12_23_20_53_46_EVK4_mag7.3,27442300,163,304,65,56,0,0.7087
2025_12_23_20_53_46_EVK4_mag7.3,27482300,260,348,56,42,0,0.338
2025_12_23_20_53_46_EVK4_mag7.3,27562300,768,429,63,45,0,0.6541
2025_12_23_20_53_46_EVK4_mag7.3,27602300,713,415,90,62,0,0.4275
2025_12_23_20_53_46_EVK4_mag7.3,27642300,676,402,61,49,0,0.5478
2025_12_23_20_53_46_EVK4_mag7.3,27682300,700,403,70,51,0,0.6324
2025_12_23_20_53_46_EVK4_mag7.3,27722300,698,407,74,52,0,0.7073
2025_12_23_20_53_46_EVK4_mag7.3,27762300,674,402,66,51,0,0.7704
2025_12_23_20_53_46_EVK4_mag7.3,27802300,685,400,67,50,0,0.8267
2025_12_23_20_53_46_EVK4_mag7.3,27842300,684,400,65,48,0,0.8734
2025_12_23_20_53_46_EVK4_mag7.3,27882300,673,399,64,50,0,0.7461
2025_12_23_20_53_46_EVK4_mag7.3,27922300,675,394,59,52,0,0.7846
2025_12_23_20_53_46_EVK4_mag7.3,27962300,675,394,59,52,0,0.8046
2025_12_23_20_53_46_EVK4_mag7.3,28002300,671,394,62,56,0,0.6877
2025_12_23_20_53_46_EVK4_mag7.3,28042300,672,393,60,56,0,0.6876
2025_12_23_20_53_46_EVK4_mag7.3,28082300,672,393,62,55,0,0.7099
2025_12_23_20_53_46_EVK4_mag7.3,28122300,664,387,59,54,0,0.6267
2025_12_23_20_53_46_EVK4_mag7.3,28162300,664,386,58,55,0,0.6112
2025_12_23_20_53_46_EVK4_mag7.3,28202300,664,386,58,54,0,0.6517
2025_12_23_20_53_46_EVK4_mag7.3,28242300,662,386,60,54,0,0.6759
2025_12_23_20_53_46_EVK4_mag7.3,28282300,662,380,55,45,0,0.6103
2025_12_23_20_53_46_EVK4_mag7.3,28322300,661,380,56,45,0,0.6768
2025_12_23_20_53_46_EVK4_mag7.3,28362300,659,379,57,47,0,0.7075
2025_12_23_20_53_46_EVK4_mag7.3,28402300,660,379,57,47,0,0.7218
2025_12_23_20_53_46_EVK4_mag7.3,28442300,658,379,60,48,0,0.7237
2025_12_23_20_53_46_EVK4_mag7.3,28482300,657,379,62,49,0,0.7062
2025_12_23_20_53_46_EVK4_mag7.3,28522300,657,379,62,50,0,0.7002
2025_12_23_20_53_46_EVK4_mag7.3,28562300,652,378,55,47,0,0.6855
2025_12_23_20_53_46_EVK4_mag7.3,28602300,651,378,56,50,0,0.6609
2025_12_23_20_53_46_EVK4_mag7.3,28642300,651,373,54,48,0,0.6105
2025_12_23_20_53_46_EVK4_mag7.3,28682300,650,372,54,48,0,0.6607
2025_12_23_20_53_46_EVK4_mag7.3,28722300,650,372,55,50,0,0.6497
2025_12_23_20_53_46_EVK4_mag7.3,28762300,650,372,55,49,0,0.6256
2025_12_23_20_53_46_EVK4_mag7.3,28802300,651,378,56,48,0,0.6329
2025_12_23_20_53_46_EVK4_mag7.3,28842300,650,372,53,46,0,0.685
2025_12_23_20_53_46_EVK4_mag7.3,28882300,651,372,51,44,0,0.6282
2025_12_23_20_53_46_EVK4_mag7.3,28922300,657,378,58,47,0,0.6629
2025_12_23_20_53_46_EVK4_mag7.3,28962300,657,378,57,46,0,0.6492
2025_12_23_20_53_46_EVK4_mag7.3,29002300,657,378,55,43,0,0.6667
2025_12_23_20_53_46_EVK4_mag7.3,29042300,658,378,55,43,0,0.6961
2025_12_23_20_53_46_EVK4_mag7.3,29082300,659,378,56,44,0,0.7032
2025_12_23_20_53_46_EVK4_mag7.3,29122300,659,378,56,45,0,0.712
2025_12_23_20_53_46_EVK4_mag7.3,29162300,659,378,56,44,0,0.7055
2025_12_23_20_53_46_EVK4_mag7.3,29202300,660,378,55,43,0,0.7004
2025_12_23_20_53_46_EVK4_mag7.3,29242300,660,379,54,43,0,0.7334
2025_12_23_20_53_46_EVK4_mag7.3,29282300,660,379,56,44,0,0.7508
2025_12_23_20_53_46_EVK4_mag7.3,29322300,661,379,57,44,0,0.7218
2025_12_23_20_53_46_EVK4_mag7.3,29362300,662,379,58,46,0,0.7232
2025_12_23_20_53_46_EVK4_mag7.3,29402300,662,379,59,46,0,0.736
2025_12_23_20_53_46_EVK4_mag7.3,29442300,662,380,57,44,0,0.7211
2025_12_23_20_53_46_EVK4_mag7.3,29482300,662,380,57,45,0,0.7145
2025_12_23_20_53_46_EVK4_mag7.3,29522300,662,380,57,45,0,0.7133
2025_12_23_20_53_46_EVK4_mag7.3,29562300,662,380,57,45,0,0.712
2025_12_23_20_53_46_EVK4_mag7.3,29602300,662,380,56,45,0,0.7031
2025_12_23_20_53_46_EVK4_mag7.3,29642300,662,380,54,43,0,0.698
2025_12_23_20_53_46_EVK4_mag7.3,29682300,662,380,55,44,0,0.6818
2025_12_23_20_53_46_EVK4_mag7.3,29722300,662,380,53,42,0,0.7015
2025_12_23_20_53_46_EVK4_mag7.3,29762300,662,380,52,42,0,0.7018
2025_12_23_20_53_46_EVK4_mag7.3,29802300,662,380,52,41,0,0.7238
2025_12_23_20_53_46_EVK4_mag7.3,29842300,662,380,53,41,0,0.7272
2025_12_23_20_53_46_EVK4_mag7.3,29882300,663,380,53,41,0,0.7613
2025_12_23_20_53_46_EVK4_mag7.3,29922300,664,379,53,43,0,0.7722
2025_12_23_20_53_46_EVK4_mag7.3,29962300,664,378,51,45,0,0.7423
2025_12_23_20_53_46_EVK4_mag7.3,30002300,669,378,52,46,0,0.731
2025_12_23_20_53_46_EVK4_mag7.3,30042300,669,378,51,45,0,0.7195
2025_12_23_20_53_46_EVK4_mag7.3,30082300,664,379,54,45,0,0.7336
2025_12_23_20_53_46_EVK4_mag7.3,30122300,669,379,54,44,0,0.7248
2025_12_23_20_53_46_EVK4_mag7.3,30162300,664,379,54,43,0,0.7268
2025_12_23_20_53_46_EVK4_mag7.3,30202300,664,379,53,42,0,0.7359
2025_12_23_20_53_46_EVK4_mag7.3,30242300,664,379,52,41,0,0.7532
2025_12_23_20_53_46_EVK4_mag7.3,30282300,664,379,52,42,0,0.768
2025_12_23_20_53_46_EVK4_mag7.3,30322300,664,380,54,43,0,0.7553
2025_12_23_20_53_46_EVK4_mag7.3,30362300,664,380,55,45,0,0.7117
2025_12_23_20_53_46_EVK4_mag7.3,30402300,664,385,56,50,0,0.6773
2025_12_23_20_53_46_EVK4_mag7.3,30442300,670,385,58,51,0,0.671
2025_12_23_20_53_46_EVK4_mag7.3,30482300,664,385,57,50,0,0.6672
2025_12_23_20_53_46_EVK4_mag7.3,30522300,664,385,56,49,0,0.6902
2025_12_23_20_53_46_EVK4_mag7.3,30562300,664,385,57,50,0,0.6825
2025_12_23_20_53_46_EVK4_mag7.3,30602300,664,385,56,51,0,0.6394
2025_12_23_20_53_46_EVK4_mag7.3,30642300,664,385,54,51,0,0.6462
2025_12_23_20_53_46_EVK4_mag7.3,30682300,664,385,54,51,0,0.6647
2025_12_23_20_53_46_EVK4_mag7.3,30722300,664,385,54,50,0,0.6534
2025_12_23_20_53_46_EVK4_mag7.3,30762300,664,385,54,50,0,0.6897
2025_12_23_20_53_46_EVK4_mag7.3,30802300,664,386,53,50,0,0.673
2025_12_23_20_53_46_EVK4_mag7.3,30842300,664,385,52,50,0,0.646
2025_12_23_20_53_46_EVK4_mag7.3,30882300,669,386,55,50,0,0.6692
2025_12_23_20_53_46_EVK4_mag7.3,30922300,664,386,52,49,0,0.6845
2025_12_23_20_53_46_EVK4_mag7.3,30962300,664,386,50,46,0,0.7115
2025_12_23_20_53_46_EVK4_mag7.3,31002300,664,386,51,45,0,0.7265
2025_12_23_20_53_46_EVK4_mag7.3,31042300,664,386,50,45,0,0.7156
2025_12_23_20_53_46_EVK4_mag7.3,31082300,664,386,51,46,0,0.7143
2025_12_23_20_53_46_EVK4_mag7.3,31122300,664,386,50,44,0,0.7256
2025_12_23_20_53_46_EVK4_mag7.3,31162300,669,386,50,42,0,0.7166
2025_12_23_20_53_46_EVK4_mag7.3,31202300,669,386,49,41,0,0.7348
2025_12_23_20_53_46_EVK4_mag7.3,31242300,669,386,50,42,0,0.7568
2025_12_23_20_53_46_EVK4_mag7.3,31282300,669,386,49,39,0,0.8222
2025_12_23_20_53_46_EVK4_mag7.3,31322300,669,386,51,42,0,0.7679
2025_12_23_20_53_46_EVK4_mag7.3,31362300,670,380,57,48,0,0.7761
2025_12_23_20_53_46_EVK4_mag7.3,31402300,669,385,58,51,0,0.545
2025_12_23_20_53_46_EVK4_mag7.3,31442300,690,184,50,49,0,0.5658
2025_12_23_20_53_46_EVK4_mag7.3,31482300,704,80,54,51,0,0.6032
2025_12_23_20_53_46_EVK4_mag7.3,31522300,714,19,57,57,0,0.5336
2025_12_23_20_53_46_EVK4_mag7.3,35162300,710,12,46,44,0,0.7248
2025_12_23_20_53_46_EVK4_mag7.3,35202300,698,101,53,58,0,0.6726
2025_12_23_20_53_46_EVK4_mag7.3,35242300,687,175,48,50,0,0.7038
2025_12_23_20_53_46_EVK4_mag7.3,35282300,678,237,55,59,0,0.5911
2025_12_23_20_53_46_EVK4_mag7.3,35322300,669,303,55,60,0,0.6539
2025_12_23_20_53_46_EVK4_mag7.3,35362300,659,371,61,60,0,0.6307
2025_12_23_20_53_46_EVK4_mag7.3,35402300,646,445,50,49,0,0.6525
2025_12_23_20_53_46_EVK4_mag7.3,35442300,635,529,54,60,0,0.5727
2025_12_23_20_53_46_EVK4_mag7.3,35482300,623,625,47,45,0,0.5983
2025_12_23_20_53_46_EVK4_mag7.3,35522300,611,702,61,65,0,0.4345
2025_12_23_20_53_46_EVK4_mag7.3,39082300,1274,432,43,35,0,0.4059
2025_12_23_20_53_46_EVK4_mag7.3,39122300,1206,425,72,49,0,0.534
2025_12_23_20_53_46_EVK4_mag7.3,39162300,1126,416,69,50,0,0.7772
2025_12_23_20_53_46_EVK4_mag7.3,39202300,1047,403,71,44,0,0.4844
2025_12_23_20_53_46_EVK4_mag7.3,39242300,969,393,66,51,0,0.6826
2025_12_23_20_53_46_EVK4_mag7.3,39282300,889,379,73,45,0,0.578
2025_12_23_20_53_46_EVK4_mag7.3,39322300,811,371,59,40,0,0.697
2025_12_23_20_53_46_EVK4_mag7.3,39362300,739,357,76,49,0,0.5673
2025_12_23_20_53_46_EVK4_mag7.3,39402300,659,348,82,52,0,0.6572
2025_12_23_20_53_46_EVK4_mag7.3,39442300,591,340,60,43,0,0.6803
2025_12_23_20_53_46_EVK4_mag7.3,39482300,500,326,77,52,0,0.6549
2025_12_23_20_53_46_EVK4_mag7.3,39522300,432,317,69,44,0,0.6344
2025_12_23_20_53_46_EVK4_mag7.3,39562300,339,304,73,47,0,0.6247
2025_12_23_20_53_46_EVK4_mag7.3,39602300,272,295,70,48,0,0.6972
2025_12_23_20_53_46_EVK4_mag7.3,39642300,181,282,79,44,0,0.411
2025_12_23_20_53_46_EVK4_mag7.3,39682300,115,274,62,46,0,0.7111
2025_12_23_20_53_46_EVK4_mag7.3,39722300,34,260,70,45,0,0.5664
2025_12_23_20_53_46_EVK4_mag7.3,39762300,19,259,58,36,0,0.5307
2025_12_23_20_53_46_EVK4_mag7.3,42842300,684,414,58,46,0,0.3919
2025_12_23_20_53_46_EVK4_mag7.3,42882300,763,410,56,45,0,0.7242
2025_12_23_20_53_46_EVK4_mag7.3,42922300,740,401,75,51,0,0.6767
2025_12_23_20_53_46_EVK4_mag7.3,42962300,700,396,77,57,0,0.7502
2025_12_23_20_53_46_EVK4_mag7.3,43002300,683,400,64,50,0,0.7828
2025_12_23_20_53_46_EVK4_mag7.3,43042300,677,400,59,46,0,0.8612
2025_12_23_20_53_46_EVK4_mag7.3,43082300,677,400,60,48,0,0.8455
2025_12_23_20_53_46_EVK4_mag7.3,43122300,671,395,60,52,0,0.8264
2025_12_23_20_53_46_EVK4_mag7.3,43162300,671,394,59,51,0,0.8545
2025_12_23_20_53_46_EVK4_mag7.3,43202300,671,393,60,51,0,0.8379
2025_12_23_20_53_46_EVK4_mag7.3,43242300,669,393,61,52,0,0.768
2025_12_23_20_53_46_EVK4_mag7.3,43282300,669,393,62,52,0,0.721
2025_12_23_20_53_46_EVK4_mag7.3,43322300,670,393,62,53,0,0.7125
2025_12_23_20_53_46_EVK4_mag7.3,43362300,664,387,59,51,0,0.7364
2025_12_23_20_53_46_EVK4_mag7.3,43402300,664,386,60,51,0,0.7445
2025_12_23_20_53_46_EVK4_mag7.3,43442300,663,386,60,52,0,0.7293
2025_12_23_20_53_46_EVK4_mag7.3,43482300,661,386,63,53,0,0.7462
2025_12_23_20_53_46_EVK4_mag7.3,43522300,661,385,61,54,0,0.6978
2025_12_23_20_53_46_EVK4_mag7.3,43562300,660,385,65,58,0,0.7102
2025_12_23_20_53_46_EVK4_mag7.3,43602300,657,380,63,50,0,0.7247
2025_12_23_20_53_46_EVK4_mag7.3,43642300,657,379,64,52,0,0.7351
2025_12_23_20_53_46_EVK4_mag7.3,43682300,651,379,57,50,0,0.7707
2025_12_23_20_53_46_EVK4_mag7.3,43722300,650,378,58,53,0,0.7399
2025_12_23_20_53_46_EVK4_mag7.3,43762300,650,378,59,53,0,0.6932
2025_12_23_20_53_46_EVK4_mag7.3,43802300,651,378,59,53,0,0.6508
2025_12_23_20_53_46_EVK4_mag7.3,43842300,650,378,59,54,0,0.6399
2025_12_23_20_53_46_EVK4_mag7.3,43882300,650,372,56,50,0,0.6359
2025_12_23_20_53_46_EVK4_mag7.3,43922300,651,372,55,50,0,0.6184
2025_12_23_20_53_46_EVK4_mag7.3,43962300,657,378,62,55,0,0.6411
2025_12_23_20_53_46_EVK4_mag7.3,44002300,657,378,62,54,0,0.6651
2025_12_23_20_53_46_EVK4_mag7.3,44042300,657,378,60,52,0,0.6999
2025_12_23_20_53_46_EVK4_mag7.3,44082300,658,379,61,51,0,0.7404
2025_12_23_20_53_46_EVK4_mag7.3,44122300,659,379,60,50,0,0.7432
2025_12_23_20_53_46_EVK4_mag7.3,44162300,659,379,60,50,0,0.7485
2025_12_23_20_53_46_EVK4_mag7.3,44202300,660,380,61,50,0,0.7314
2025_12_23_20_53_46_EVK4_mag7.3,44242300,661,380,61,51,0,0.7506
2025_12_23_20_53_46_EVK4_mag7.3,44282300,661,380,60,49,0,0.7436
2025_12_23_20_53_46_EVK4_mag7.3,44322300,663,379,59,48,0,0.7811
2025_12_23_20_53_46_EVK4_mag7.3,44362300,663,379,59,49,0,0.7821
2025_12_23_20_53_46_EVK4_mag7.3,44402300,663,379,60,49,0,0.7656
2025_12_23_20_53_46_EVK4_mag7.3,44442300,664,379,59,49,0,0.7346
2025_12_23_20_53_46_EVK4_mag7.3,44482300,663,378,58,50,0,0.7327
2025_12_23_20_53_46_EVK4_mag7.3,44522300,663,378,59,50,0,0.7326
2025_12_23_20_53_46_EVK4_mag7.3,44562300,663,378,59,50,0,0.7313
2025_12_23_20_53_46_EVK4_mag7.3,44602300,663,378,58,50,0,0.7229
2025_12_23_20_53_46_EVK4_mag7.3,44642300,663,378,58,50,0,0.6999
2025_12_23_20_53_46_EVK4_mag7.3,44682300,663,378,59,49,0,0.7271
2025_12_23_20_53_46_EVK4_mag7.3,44722300,663,379,57,47,0,0.7383
2025_12_23_20_53_46_EVK4_mag7.3,44762300,663,378,57,47,0,0.749
2025_12_23_20_53_46_EVK4_mag7.3,44802300,663,378,56,48,0,0.7003
2025_12_23_20_53_46_EVK4_mag7.3,44842300,664,378,57,50,0,0.641
2025_12_23_20_53_46_EVK4_mag7.3,44882300,664,378,58,51,0,0.6771
2025_12_23_20_53_46_EVK4_mag7.3,44922300,669,372,57,54,0,0.6893
2025_12_23_20_53_46_EVK4_mag7.3,44962300,669,372,57,55,0,0.6796
2025_12_23_20_53_46_EVK4_mag7.3,45002300,670,372,55,52,0,0.6757
2025_12_23_20_53_46_EVK4_mag7.3,45042300,670,372,53,49,0,0.685
2025_12_23_20_53_46_EVK4_mag7.3,45082300,670,372,53,48,0,0.6971
2025_12_23_20_53_46_EVK4_mag7.3,45122300,669,372,51,46,0,0.6908
2025_12_23_20_53_46_EVK4_mag7.3,45162300,669,378,52,46,0,0.6996
2025_12_23_20_53_46_EVK4_mag7.3,45202300,669,378,52,44,0,0.6988
2025_12_23_20_53_46_EVK4_mag7.3,45242300,669,377,52,43,0,0.7139
2025_12_23_20_53_46_EVK4_mag7.3,45282300,670,378,54,44,0,0.7431
2025_12_23_20_53_46_EVK4_mag7.3,45322300,670,378,55,44,0,0.7431
2025_12_23_20_53_46_EVK4_mag7.3,45362300,670,378,54,44,0,0.7574
2025_12_23_20_53_46_EVK4_mag7.3,45402300,669,378,53,45,0,0.7531
2025_12_23_20_53_46_EVK4_mag7.3,45442300,669,379,54,46,0,0.7413
2025_12_23_20_53_46_EVK4_mag7.3,45482300,669,379,54,45,0,0.746
2025_12_23_20_53_46_EVK4_mag7.3,45522300,670,379,52,44,0,0.74
2025_12_23_20_53_46_EVK4_mag7.3,45562300,669,379,52,44,0,0.7417
2025_12_23_20_53_46_EVK4_mag7.3,45602300,669,379,53,45,0,0.7441
2025_12_23_20_53_46_EVK4_mag7.3,45642300,669,379,52,44,0,0.7367
2025_12_23_20_53_46_EVK4_mag7.3,45682300,669,379,52,44,0,0.727
2025_12_23_20_53_46_EVK4_mag7.3,45722300,664,379,53,46,0,0.734
2025_12_23_20_53_46_EVK4_mag7.3,45762300,664,379,52,45,0,0.7267
2025_12_23_20_53_46_EVK4_mag7.3,45802300,664,380,52,44,0,0.7059
2025_12_23_20_53_46_EVK4_mag7.3,45842300,664,380,52,43,0,0.6879
2025_12_23_20_53_46_EVK4_mag7.3,45882300,669,380,52,44,0,0.697
2025_12_23_20_53_46_EVK4_mag7.3,45922300,669,380,51,43,0,0.6982
2025_12_23_20_53_46_EVK4_mag7.3,45962300,664,385,52,45,0,0.7007
2025_12_23_20_53_46_EVK4_mag7.3,46002300,665,380,50,44,0,0.6929
2025_12_23_20_53_46_EVK4_mag7.3,46042300,664,379,51,45,0,0.7017
2025_12_23_20_53_46_EVK4_mag7.3,46082300,664,380,51,44,0,0.7104
2025_12_23_20_53_46_EVK4_mag7.3,46122300,664,380,51,44,0,0.6965
2025_12_23_20_53_46_EVK4_mag7.3,46162300,664,385,53,45,0,0.6951
2025_12_23_20_53_46_EVK4_mag7.3,46202300,664,385,52,44,0,0.7113
2025_12_23_20_53_46_EVK4_mag7.3,46242300,664,385,51,43,0,0.7041
2025_12_23_20_53_46_EVK4_mag7.3,46282300,669,380,50,43,0,0.6967
2025_12_23_20_53_46_EVK4_mag7.3,46322300,669,380,49,42,0,0.7113
2025_12_23_20_53_46_EVK4_mag7.3,46362300,669,380,49,41,0,0.7045
2025_12_23_20_53_46_EVK4_mag7.3,46402300,665,380,49,42,0,0.7135
2025_12_23_20_53_46_EVK4_mag7.3,46442300,665,380,49,45,0,0.7644
2025_12_23_20_53_46_EVK4_mag7.3,46482300,665,380,49,41,0,0.7477
2025_12_23_20_53_46_EVK4_mag7.3,46522300,665,379,52,44,0,0.7586
2025_12_23_20_53_46_EVK4_mag7.3,46562300,669,379,60,63,0,0.6199
2025_12_23_20_53_46_EVK4_mag7.3,46602300,702,206,47,50,0,0.4702
2025_12_23_20_53_46_EVK4_mag7.3,46642300,662,379,56,52,0,0.4017
2025_12_23_20_53_46_EVK4_mag7.3,50442300,664,364,51,50,0,0.5558
2025_12_23_20_53_46_EVK4_mag7.3,50482300,710,71,57,58,0,0.4767
2025_12_23_20_53_46_EVK4_mag7.3,50522300,684,220,48,54,0,0.5398
2025_12_23_20_53_46_EVK4_mag7.3,50562300,661,386,61,55,0,0.5424
2025_12_23_20_53_46_EVK4_mag7.3,50602300,632,581,46,49,0,0.4365
2025_12_23_20_53_46_EVK4_mag7.3,50642300,623,663,39,43,0,0.5255
2025_12_23_20_53_46_EVK4_mag7.3,54482300,1166,414,78,45,0,0.4167
2025_12_23_20_53_46_EVK4_mag7.3,54522300,967,384,61,44,0,0.6378
2025_12_23_20_53_46_EVK4_mag7.3,54562300,766,355,71,47,0,0.5108
2025_12_23_20_53_46_EVK4_mag7.3,54602300,568,328,63,44,0,0.4106
2025_12_23_20_53_46_EVK4_mag7.3,54642300,380,305,52,39,0,0.6126
2025_12_23_20_53_46_EVK4_mag7.3,54682300,194,281,62,42,0,0.4404
2025_12_23_20_53_46_EVK4_mag7.3,54722300,47,258,70,43,0,0.3638
2025_12_23_20_53_46_EVK4_mag7.3,55762300,407,708,36,28,0,0.3402
2025_12_23_20_53_46_EVK4_mag7.3,55802300,406,708,39,30,0,0.5268
2025_12_23_20_53_46_EVK4_mag7.3,55842300,408,708,38,29,0,0.6407
2025_12_23_20_53_46_EVK4_mag7.3,55882300,406,707,38,28,0,0.6565
2025_12_23_20_53_46_EVK4_mag7.3,55922300,405,703,38,28,0,0.6512
2025_12_23_20_53_46_EVK4_mag7.3,55962300,406,703,38,27,0,0.678
2025_12_23_20_53_46_EVK4_mag7.3,56002300,405,703,38,27,0,0.6904
2025_12_23_20_53_46_EVK4_mag7.3,56042300,404,702,38,27,0,0.6937
2025_12_23_20_53_46_EVK4_mag7.3,56082300,405,702,38,27,0,0.6993
2025_12_23_20_53_46_EVK4_mag7.3,56122300,404,702,38,27,0,0.6829
2025_12_23_20_53_46_EVK4_mag7.3,56162300,404,703,39,28,0,0.704
2025_12_23_20_53_46_EVK4_mag7.3,56202300,406,707,38,29,0,0.6956
2025_12_23_20_53_46_EVK4_mag7.3,56242300,406,707,38,29,0,0.6955
2025_12_23_20_53_46_EVK4_mag7.3,56282300,406,707,38,28,0,0.687
2025_12_23_20_53_46_EVK4_mag7.3,56322300,407,708,37,28,0,0.6951
2025_12_23_20_53_46_EVK4_mag7.3,56362300,407,708,39,29,0,0.7224
2025_12_23_20_53_46_EVK4_mag7.3,56402300,408,707,38,29,0,0.687
2025_12_23_20_53_46_EVK4_mag7.3,56442300,408,707,37,29,0,0.6739
2025_12_23_20_53_46_EVK4_mag7.3,56482300,408,702,38,29,0,0.6569
2025_12_23_20_53_46_EVK4_mag7.3,56522300,409,702,38,28,0,0.6365
2025_12_23_20_53_46_EVK4_mag7.3,56562300,409,702,38,29,0,0.6595
2025_12_23_20_53_46_EVK4_mag7.3,56602300,409,702,38,28,0,0.6748
2025_12_23_20_53_46_EVK4_mag7.3,56642300,409,702,39,28,0,0.6633
2025_12_23_20_53_46_EVK4_mag7.3,56682300,409,702,38,28,0,0.6238
2025_12_23_20_53_46_EVK4_mag7.3,56722300,409,702,38,28,0,0.6337
2025_12_23_20_53_46_EVK4_mag7.3,56762300,408,702,38,28,0,0.6138
2025_12_23_20_53_46_EVK4_mag7.3,56802300,408,708,38,28,0,0.5343
2025_12_23_20_53_46_EVK4_mag7.3,56842300,409,708,38,29,0,0.5798
2025_12_23_20_53_46_EVK4_mag7.3,56882300,408,708,40,30,0,0.6266
2025_12_23_20_53_46_EVK4_mag7.3,56922300,408,708,40,30,0,0.6379
2025_12_23_20_53_46_EVK4_mag7.3,56962300,408,708,40,31,0,0.6301
2025_12_23_20_53_46_EVK4_mag7.3,57002300,407,708,40,30,0,0.6366
2025_12_23_20_53_46_EVK4_mag7.3,57042300,408,708,39,31,0,0.6124
2025_12_23_20_53_46_EVK4_mag7.3,57082300,408,708,39,30,0,0.6007
2025_12_23_20_53_46_EVK4_mag7.3,57122300,408,708,39,29,0,0.6082
2025_12_23_20_53_46_EVK4_mag7.3,57162300,409,708,39,29,0,0.6058
2025_12_23_20_53_46_EVK4_mag7.3,57202300,409,708,38,28,0,0.5746
2025_12_23_20_53_46_EVK4_mag7.3,57242300,409,708,37,28,0,0.5341
2025_12_23_20_53_46_EVK4_mag7.3,57282300,409,708,38,28,0,0.5694
2025_12_23_20_53_46_EVK4_mag7.3,57322300,409,708,37,27,0,0.5873
2025_12_23_20_53_46_EVK4_mag7.3,57362300,409,708,37,28,0,0.6164
2025_12_23_20_53_46_EVK4_mag7.3,57402300,409,708,36,27,0,0.5958
2025_12_23_20_53_46_EVK4_mag7.3,57442300,410,708,36,28,0,0.6115
2025_12_23_20_53_46_EVK4_mag7.3,57482300,410,708,36,28,0,0.5808
2025_12_23_20_53_46_EVK4_mag7.3,57522300,416,708,33,27,0,0.5701
2025_12_23_20_53_46_EVK4_mag7.3,57562300,410,708,36,28,0,0.5721
2025_12_23_20_53_46_EVK4_mag7.3,57602300,409,708,37,28,0,0.6039
2025_12_23_20_53_46_EVK4_mag7.3,57642300,409,708,38,29,0,0.6249
2025_12_23_20_53_46_EVK4_mag7.3,57682300,409,708,38,29,0,0.6324
2025_12_23_20_53_46_EVK4_mag7.3,57722300,409,708,38,28,0,0.6148
2025_12_23_20_53_46_EVK4_mag7.3,57762300,409,708,39,29,0,0.5853
2025_12_23_20_53_46_EVK4_mag7.3,57802300,409,708,38,29,0,0.567
2025_12_23_20_53_46_EVK4_mag7.3,57842300,409,708,38,29,0,0.5807
2025_12_23_20_53_46_EVK4_mag7.3,57882300,408,703,38,28,0,0.6397
2025_12_23_20_53_46_EVK4_mag7.3,57922300,409,703,37,27,0,0.667
2025_12_23_20_53_46_EVK4_mag7.3,57962300,410,703,35,27,0,0.5588
2025_12_23_20_53_46_EVK4_mag7.3,58002300,410,706,39,29,0,0.5797
2025_12_23_20_53_46_EVK4_mag7.3,58042300,410,707,39,30,0,0.5041
2025_12_23_20_53_46_EVK4_mag7.3,58082300,410,707,38,29,0,0.571
2025_12_23_20_53_46_EVK4_mag7.3,58122300,410,704,36,28,0,0.661
2025_12_23_20_53_46_EVK4_mag7.3,58162300,410,704,36,28,0,0.6175
2025_12_23_20_53_46_EVK4_mag7.3,58202300,232,333,50,37,0,0.4583
2025_12_23_20_53_46_EVK4_mag7.3,58242300,469,380,54,40,0,0.5099
2025_12_23_20_53_46_EVK4_mag7.3,58282300,634,409,62,46,0,0.5912
2025_12_23_20_53_46_EVK4_mag7.3,58322300,725,423,65,46,0,0.7132
2025_12_23_20_53_46_EVK4_mag7.3,58362300,726,416,69,49,0,0.7273
2025_12_23_20_53_46_EVK4_mag7.3,58402300,685,401,75,60,0,0.6361
2025_12_23_20_53_46_EVK4_mag7.3,58442300,666,393,57,55,0,0.7774
2025_12_23_20_53_46_EVK4_mag7.3,58482300,671,393,58,51,0,0.8933
2025_12_23_20_53_46_EVK4_mag7.3,58522300,671,395,60,50,0,0.8221
2025_12_23_20_53_46_EVK4_mag7.3,58562300,665,395,58,50,0,0.7622
2025_12_23_20_53_46_EVK4_mag7.3,58602300,670,394,60,51,0,0.7826
2025_12_23_20_53_46_EVK4_mag7.3,58642300,669,393,61,51,0,0.7711
2025_12_23_20_53_46_EVK4_mag7.3,58682300,664,393,60,48,0,0.777
2025_12_23_20_53_46_EVK4_mag7.3,58722300,669,393,59,50,0,0.7188
2025_12_23_20_53_46_EVK4_mag7.3,58762300,664,388,56,49,0,0.7191
2025_12_23_20_53_46_EVK4_mag7.3,58802300,663,387,56,48,0,0.7614
2025_12_23_20_53_46_EVK4_mag7.3,58842300,664,387,56,50,0,0.7202
2025_12_23_20_53_46_EVK4_mag7.3,58882300,663,386,58,51,0,0.7459
2025_12_23_20_53_46_EVK4_mag7.3,58922300,662,386,59,53,0,0.7541
2025_12_23_20_53_46_EVK4_mag7.3,58962300,662,385,60,54,0,0.76
2025_12_23_20_53_46_EVK4_mag7.3,59002300,660,380,57,47,0,0.756
2025_12_23_20_53_46_EVK4_mag7.3,59042300,660,380,58,49,0,0.766
2025_12_23_20_53_46_EVK4_mag7.3,59082300,660,379,58,50,0,0.7645
2025_12_23_20_53_46_EVK4_mag7.3,59122300,659,379,58,49,0,0.7666
2025_12_23_20_53_46_EVK4_mag7.3,59162300,659,379,59,50,0,0.7774
2025_12_23_20_53_46_EVK4_mag7.3,59202300,661,379,59,51,0,0.7579
2025_12_23_20_53_46_EVK4_mag7.3,59242300,661,379,59,50,0,0.743
2025_12_23_20_53_46_EVK4_mag7.3,59282300,661,379,60,51,0,0.7321
2025_12_23_20_53_46_EVK4_mag7.3,59322300,662,379,59,52,0,0.6996
2025_12_23_20_53_46_EVK4_mag7.3,59362300,662,379,59,51,0,0.6994
2025_12_23_20_53_46_EVK4_mag7.3,59402300,662,380,58,49,0,0.6842
2025_12_23_20_53_46_EVK4_mag7.3,59442300,663,380,57,47,0,0.6562
2025_12_23_20_53_46_EVK4_mag7.3,59482300,664,380,57,47,0,0.6563
2025_12_23_20_53_46_EVK4_mag7.3,59522300,664,380,57,47,0,0.6427
2025_12_23_20_53_46_EVK4_mag7.3,59562300,663,380,56,46,0,0.6381
2025_12_23_20_53_46_EVK4_mag7.3,59602300,664,380,56,46,0,0.6485
2025_12_23_20_53_46_EVK4_mag7.3,59642300,670,380,57,47,0,0.7115
2025_12_23_20_53_46_EVK4_mag7.3,59682300,670,379,57,48,0,0.7102
2025_12_23_20_53_46_EVK4_mag7.3,59722300,671,379,56,48,0,0.7333
2025_12_23_20_53_46_EVK4_mag7.3,59762300,671,379,56,49,0,0.7188
2025_12_23_20_53_46_EVK4_mag7.3,59802300,671,379,56,49,0,0.7344
2025_12_23_20_53_46_EVK4_mag7.3,59842300,670,379,56,51,0,0.7147
2025_12_23_20_53_46_EVK4_mag7.3,59882300,671,379,57,51,0,0.7244
2025_12_23_20_53_46_EVK4_mag7.3,59922300,671,378,58,53,0,0.7461
2025_12_23_20_53_46_EVK4_mag7.3,59962300,671,378,60,58,0,0.694
2025_12_23_20_53_46_EVK4_mag7.3,60002300,671,378,59,57,0,0.6825
2025_12_23_20_53_46_EVK4_mag7.3,60042300,672,372,58,55,0,0.6795
2025_12_23_20_53_46_EVK4_mag7.3,60082300,671,378,59,55,0,0.6747
2025_12_23_20_53_46_EVK4_mag7.3,60122300,671,372,57,53,0,0.6892
2025_12_23_20_53_46_EVK4_mag7.3,60162300,671,372,54,49,0,0.69
2025_12_23_20_53_46_EVK4_mag7.3,60202300,671,378,55,51,0,0.6765
2025_12_23_20_53_46_EVK4_mag7.3,60242300,671,378,54,49,0,0.7004
2025_12_23_20_53_46_EVK4_mag7.3,60282300,671,378,54,48,0,0.7276
2025_12_23_20_53_46_EVK4_mag7.3,60322300,670,378,53,47,0,0.7076
2025_12_23_20_53_46_EVK4_mag7.3,60362300,670,378,53,47,0,0.7119
2025_12_23_20_53_46_EVK4_mag7.3,60402300,671,378,52,44,0,0.7454
2025_12_23_20_53_46_EVK4_mag7.3,60442300,672,379,54,45,0,0.7642
2025_12_23_20_53_46_EVK4_mag7.3,60482300,672,379,55,46,0,0.7558
2025_12_23_20_53_46_EVK4_mag7.3,60522300,671,379,53,44,0,0.7638
2025_12_23_20_53_46_EVK4_mag7.3,60562300,671,379,54,46,0,0.7644
2025_12_23_20_53_46_EVK4_mag7.3,60602300,671,379,54,45,0,0.7562
2025_12_23_20_53_46_EVK4_mag7.3,60642300,672,379,54,45,0,0.7706
2025_12_23_20_53_46_EVK4_mag7.3,60682300,671,379,54,46,0,0.7562
2025_12_23_20_53_46_EVK4_mag7.3,60722300,672,379,55,46,0,0.7456
2025_12_23_20_53_46_EVK4_mag7.3,60762300,672,379,56,49,0,0.7465
2025_12_23_20_53_46_EVK4_mag7.3,60802300,672,380,57,49,0,0.7384
2025_12_23_20_53_46_EVK4_mag7.3,60842300,672,380,55,47,0,0.7323
2025_12_23_20_53_46_EVK4_mag7.3,60882300,672,380,56,47,0,0.7229
2025_12_23_20_53_46_EVK4_mag7.3,60922300,672,380,55,47,0,0.7127
2025_12_23_20_53_46_EVK4_mag7.3,60962300,671,380,55,47,0,0.7126
2025_12_23_20_53_46_EVK4_mag7.3,61002300,671,380,54,46,0,0.6986
2025_12_23_20_53_46_EVK4_mag7.3,61042300,671,380,53,44,0,0.7258
2025_12_23_20_53_46_EVK4_mag7.3,61082300,671,380,52,43,0,0.7412
2025_12_23_20_53_46_EVK4_mag7.3,61122300,671,380,51,41,0,0.7538
2025_12_23_20_53_46_EVK4_mag7.3,61162300,670,380,51,42,0,0.7596
2025_12_23_20_53_46_EVK4_mag7.3,61202300,671,380,51,42,0,0.7445
2025_12_23_20_53_46_EVK4_mag7.3,61242300,670,380,53,42,0,0.7483
2025_12_23_20_53_46_EVK4_mag7.3,61282300,670,385,54,46,0,0.7057
2025_12_23_20_53_46_EVK4_mag7.3,61322300,671,385,55,49,0,0.6855
2025_12_23_20_53_46_EVK4_mag7.3,61362300,671,386,55,50,0,0.6915
2025_12_23_20_53_46_EVK4_mag7.3,61402300,671,380,52,44,0,0.6955
2025_12_23_20_53_46_EVK4_mag7.3,61442300,671,380,53,45,0,0.7178
2025_12_23_20_53_46_EVK4_mag7.3,61482300,671,386,55,46,0,0.7549
2025_12_23_20_53_46_EVK4_mag7.3,61522300,671,386,54,45,0,0.752
2025_12_23_20_53_46_EVK4_mag7.3,61562300,671,386,55,45,0,0.7393
2025_12_23_20_53_46_EVK4_mag7.3,61602300,670,385,55,44,0,0.7852
2025_12_23_20_53_46_EVK4_mag7.3,61642300,670,385,56,44,0,0.7343
2025_12_23_20_53_46_EVK4_mag7.3,61682300,670,380,57,46,0,0.773
2025_12_23_20_53_46_EVK4_mag7.3,61722300,672,379,63,70,0,0.6294
2025_12_23_20_53_46_EVK4_mag7.3,61762300,702,236,51,57,0,0.501
2025_12_23_20_53_46_EVK4_mag7.3,61802300,672,380,52,51,0,0.4702
2025_12_23_20_53_46_EVK4_mag7.3,63762300,488,259,44,34,0,0.3901
2025_12_23_20_53_46_EVK4_mag7.3,63802300,488,259,43,34,0,0.4159
2025_12_23_20_53_46_EVK4_mag7.3,63842300,489,260,43,35,0,0.4624
2025_12_23_20_53_46_EVK4_mag7.3,63882300,489,260,43,35,0,0.4763
2025_12_23_20_53_46_EVK4_mag7.3,63922300,489,260,44,36,0,0.4654
2025_12_23_20_53_46_EVK4_mag7.3,63962300,489,259,45,36,0,0.5145
2025_12_23_20_53_46_EVK4_mag7.3,64002300,489,259,42,35,0,0.4126
2025_12_23_20_53_46_EVK4_mag7.3,64042300,489,259,43,35,0,0.3852
2025_12_23_20_53_46_EVK4_mag7.3,64082300,489,259,43,35,0,0.3942
2025_12_23_20_53_46_EVK4_mag7.3,64122300,489,259,44,36,0,0.4115
2025_12_23_20_53_46_EVK4_mag7.3,64162300,489,259,44,35,0,0.3607
2025_12_23_20_53_46_EVK4_mag7.3,64202300,489,259,44,35,0,0.3414
2025_12_23_20_53_46_EVK4_mag7.3,64242300,489,259,45,36,0,0.3991
2025_12_23_20_53_46_EVK4_mag7.3,64282300,489,259,45,36,0,0.4633
2025_12_23_20_53_46_EVK4_mag7.3,64362300,489,259,45,36,0,0.4526
2025_12_23_20_53_46_EVK4_mag7.3,64402300,489,259,44,35,0,0.3925
2025_12_23_20_53_46_EVK4_mag7.3,64442300,498,258,46,35,0,0.3241
2025_12_23_20_53_46_EVK4_mag7.3,64482300,498,258,46,34,0,0.3166
2025_12_23_20_53_46_EVK4_mag7.3,64522300,498,259,46,35,0,0.3343
2025_12_23_20_53_46_EVK4_mag7.3,64562300,498,259,45,34,0,0.35
2025_12_23_20_53_46_EVK4_mag7.3,64602300,498,259,46,34,0,0.3494
2025_12_23_20_53_46_EVK4_mag7.3,64642300,498,259,46,34,0,0.3394
2025_12_23_20_53_46_EVK4_mag7.3,64682300,499,258,45,35,0,0.3218
2025_12_23_20_53_46_EVK4_mag7.3,73802300,153,326,32,31,0,0.4024
2025_12_23_20_53_46_EVK4_mag7.3,73842300,472,372,51,40,0,0.591
2025_12_23_20_53_46_EVK4_mag7.3,73882300,645,394,73,54,0,0.6107
2025_12_23_20_53_46_EVK4_mag7.3,73922300,725,408,58,42,0,0.7131
2025_12_23_20_53_46_EVK4_mag7.3,73962300,713,403,72,47,0,0.578
2025_12_23_20_53_46_EVK4_mag7.3,74002300,662,394,70,57,0,0.7715
2025_12_23_20_53_46_EVK4_mag7.3,74042300,661,393,64,54,0,0.9083
2025_12_23_20_53_46_EVK4_mag7.3,74082300,670,394,64,53,0,0.7854
2025_12_23_20_53_46_EVK4_mag7.3,74122300,662,394,66,53,0,0.7801
2025_12_23_20_53_46_EVK4_mag7.3,74162300,662,393,64,52,0,0.7961
2025_12_23_20_53_46_EVK4_mag7.3,74202300,670,393,66,55,0,0.7376
2025_12_23_20_53_46_EVK4_mag7.3,74242300,663,387,62,51,0,0.7446
2025_12_23_20_53_46_EVK4_mag7.3,74282300,663,387,62,50,0,0.7935
2025_12_23_20_53_46_EVK4_mag7.3,74322300,669,387,62,52,0,0.7513
2025_12_23_20_53_46_EVK4_mag7.3,74362300,664,386,60,52,0,0.7642
2025_12_23_20_53_46_EVK4_mag7.3,74402300,664,385,60,52,0,0.7529
2025_12_23_20_53_46_EVK4_mag7.3,74442300,670,385,63,54,0,0.7437
2025_12_23_20_53_46_EVK4_mag7.3,74482300,663,380,60,49,0,0.7039
2025_12_23_20_53_46_EVK4_mag7.3,74522300,663,380,59,50,0,0.7445
2025_12_23_20_53_46_EVK4_mag7.3,74562300,663,379,59,50,0,0.7707
2025_12_23_20_53_46_EVK4_mag7.3,74602300,662,379,60,50,0,0.7965
2025_12_23_20_53_46_EVK4_mag7.3,74642300,661,379,61,52,0,0.789
2025_12_23_20_53_46_EVK4_mag7.3,74682300,661,379,61,52,0,0.7784
2025_12_23_20_53_46_EVK4_mag7.3,74722300,660,378,62,53,0,0.7624
2025_12_23_20_53_46_EVK4_mag7.3,74762300,660,378,64,57,0,0.7266
2025_12_23_20_53_46_EVK4_mag7.3,74802300,660,378,65,60,0,0.7156
2025_12_23_20_53_46_EVK4_mag7.3,74842300,658,378,68,63,0,0.7294
2025_12_23_20_53_46_EVK4_mag7.3,74882300,656,372,68,62,0,0.6874
2025_12_23_20_53_46_EVK4_mag7.3,74922300,651,372,60,56,0,0.707
2025_12_23_20_53_46_EVK4_mag7.3,74962300,650,371,62,59,0,0.747
2025_12_23_20_53_46_EVK4_mag7.3,75002300,649,371,61,59,0,0.7253
2025_12_23_20_53_46_EVK4_mag7.3,75042300,649,371,61,60,0,0.6937
2025_12_23_20_53_46_EVK4_mag7.3,75082300,649,371,62,61,0,0.6957
2025_12_23_20_53_46_EVK4_mag7.3,75122300,647,365,61,54,0,0.683
2025_12_23_20_53_46_EVK4_mag7.3,75162300,648,365,60,54,0,0.68
2025_12_23_20_53_46_EVK4_mag7.3,75202300,648,364,61,55,0,0.6609
2025_12_23_20_53_46_EVK4_mag7.3,75242300,649,365,61,54,0,0.6628
2025_12_23_20_53_46_EVK4_mag7.3,75282300,650,365,60,52,0,0.6425
2025_12_23_20_53_46_EVK4_mag7.3,75322300,656,370,63,58,0,0.6528
2025_12_23_20_53_46_EVK4_mag7.3,75362300,656,370,62,55,0,0.7101
2025_12_23_20_53_46_EVK4_mag7.3,75402300,656,371,62,53,0,0.7452
2025_12_23_20_53_46_EVK4_mag7.3,75442300,657,371,62,54,0,0.7351
2025_12_23_20_53_46_EVK4_mag7.3,75482300,657,372,62,55,0,0.717
2025_12_23_20_53_46_EVK4_mag7.3,75522300,657,372,61,54,0,0.724
2025_12_23_20_53_46_EVK4_mag7.3,75562300,658,372,61,54,0,0.7361
2025_12_23_20_53_46_EVK4_mag7.3,75602300,659,372,61,53,0,0.7413
2025_12_23_20_53_46_EVK4_mag7.3,75642300,660,372,61,51,0,0.749
2025_12_23_20_53_46_EVK4_mag7.3,75682300,660,373,61,51,0,0.7241
2025_12_23_20_53_46_EVK4_mag7.3,75722300,661,378,62,51,0,0.7381
2025_12_23_20_53_46_EVK4_mag7.3,75762300,662,378,64,54,0,0.716
2025_12_23_20_53_46_EVK4_mag7.3,75802300,662,378,64,53,0,0.7123
2025_12_23_20_53_46_EVK4_mag7.3,75842300,662,378,64,53,0,0.7277
2025_12_23_20_53_46_EVK4_mag7.3,75882300,662,378,64,53,0,0.7287
2025_12_23_20_53_46_EVK4_mag7.3,75922300,662,373,61,50,0,0.6766
2025_12_23_20_53_46_EVK4_mag7.3,75962300,662,372,62,51,0,0.693
2025_12_23_20_53_46_EVK4_mag7.3,76002300,662,373,65,53,0,0.648
2025_12_23_20_53_46_EVK4_mag7.3,76042300,671,378,66,54,0,0.6544
2025_12_23_20_53_46_EVK4_mag7.3,76082300,671,378,67,54,0,0.7007
2025_12_23_20_53_46_EVK4_mag7.3,76122300,671,378,66,53,0,0.704
2025_12_23_20_53_46_EVK4_mag7.3,76162300,672,379,66,54,0,0.6976
2025_12_23_20_53_46_EVK4_mag7.3,76202300,672,379,68,57,0,0.6926
2025_12_23_20_53_46_EVK4_mag7.3,76242300,672,379,68,57,0,0.672
2025_12_23_20_53_46_EVK4_mag7.3,76282300,673,379,67,54,0,0.6933
2025_12_23_20_53_46_EVK4_mag7.3,76322300,673,378,67,53,0,0.7102
2025_12_23_20_53_46_EVK4_mag7.3,76362300,674,378,67,53,0,0.7032
2025_12_23_20_53_46_EVK4_mag7.3,76402300,674,378,67,54,0,0.7015
2025_12_23_20_53_46_EVK4_mag7.3,76442300,674,378,67,54,0,0.7033
2025_12_23_20_53_46_EVK4_mag7.3,76482300,674,378,66,54,0,0.7123
2025_12_23_20_53_46_EVK4_mag7.3,76522300,674,378,65,53,0,0.6909
2025_12_23_20_53_46_EVK4_mag7.3,76562300,674,378,66,53,0,0.7112
2025_12_23_20_53_46_EVK4_mag7.3,76602300,673,378,63,51,0,0.728
2025_12_23_20_53_46_EVK4_mag7.3,76642300,673,378,63,52,0,0.7296
2025_12_23_20_53_46_EVK4_mag7.3,76682300,673,378,62,49,0,0.7006
2025_12_23_20_53_46_EVK4_mag7.3,76722300,673,378,61,49,0,0.6988
2025_12_23_20_53_46_EVK4_mag7.3,76762300,673,378,61,49,0,0.7211
2025_12_23_20_53_46_EVK4_mag7.3,76802300,673,378,62,51,0,0.726
2025_12_23_20_53_46_EVK4_mag7.3,76842300,673,378,61,49,0,0.6793
2025_12_23_20_53_46_EVK4_mag7.3,76882300,673,378,61,49,0,0.7092
2025_12_23_20_53_46_EVK4_mag7.3,76922300,673,378,61,48,0,0.6999
2025_12_23_20_53_46_EVK4_mag7.3,76962300,672,378,61,48,0,0.7286
2025_12_23_20_53_46_EVK4_mag7.3,77002300,673,378,60,48,0,0.7254
2025_12_23_20_53_46_EVK4_mag7.3,77042300,673,378,60,48,0,0.6848
2025_12_23_20_53_46_EVK4_mag7.3,77082300,673,378,61,49,0,0.6729
2025_12_23_20_53_46_EVK4_mag7.3,77122300,672,379,62,52,0,0.7202
2025_12_23_20_53_46_EVK4_mag7.3,77162300,673,379,61,51,0,0.7197
2025_12_23_20_53_46_EVK4_mag7.3,77202300,672,379,63,52,0,0.7273
2025_12_23_20_53_46_EVK4_mag7.3,77242300,673,379,62,52,0,0.7111
2025_12_23_20_53_46_EVK4_mag7.3,77282300,673,379,63,52,0,0.7027
2025_12_23_20_53_46_EVK4_mag7.3,77322300,674,379,62,51,0,0.726
2025_12_23_20_53_46_EVK4_mag7.3,77362300,674,379,61,51,0,0.7268
2025_12_23_20_53_46_EVK4_mag7.3,77402300,673,379,61,51,0,0.7155
2025_12_23_20_53_46_EVK4_mag7.3,77442300,673,379,60,49,0,0.7297
2025_12_23_20_53_46_EVK4_mag7.3,77482300,673,380,60,48,0,0.7517
2025_12_23_20_53_46_EVK4_mag7.3,77522300,673,380,58,46,0,0.7407
2025_12_23_20_53_46_EVK4_mag7.3,77562300,673,380,57,45,0,0.751
2025_12_23_20_53_46_EVK4_mag7.3,77602300,673,380,56,44,0,0.771
2025_12_23_20_53_46_EVK4_mag7.3,77642300,673,380,55,44,0,0.7776
2025_12_23_20_53_46_EVK4_mag7.3,77682300,673,380,57,45,0,0.7569
2025_12_23_20_53_46_EVK4_mag7.3,77722300,673,380,58,47,0,0.7225
2025_12_23_20_53_46_EVK4_mag7.3,77762300,673,380,60,48,0,0.7366
2025_12_23_20_53_46_EVK4_mag7.3,77802300,673,380,59,47,0,0.7468
2025_12_23_20_53_46_EVK4_mag7.3,77842300,672,380,58,47,0,0.7517
2025_12_23_20_53_46_EVK4_mag7.3,77882300,672,379,59,48,0,0.749
2025_12_23_20_53_46_EVK4_mag7.3,77922300,673,379,60,49,0,0.7619
2025_12_23_20_53_46_EVK4_mag7.3,77962300,673,379,58,46,0,0.7961
2025_12_23_20_53_46_EVK4_mag7.3,78002300,673,379,57,46,0,0.7809
2025_12_23_20_53_46_EVK4_mag7.3,78042300,673,379,57,45,0,0.7897
2025_12_23_20_53_46_EVK4_mag7.3,78082300,673,379,55,44,0,0.7979
2025_12_23_20_53_46_EVK4_mag7.3,78122300,672,379,54,43,0,0.8085
2025_12_23_20_53_46_EVK4_mag7.3,78162300,672,379,54,43,0,0.7952
2025_12_23_20_53_46_EVK4_mag7.3,78202300,672,379,55,44,0,0.7933
2025_12_23_20_53_46_EVK4_mag7.3,78242300,672,379,53,42,0,0.794
2025_12_23_20_53_46_EVK4_mag7.3,78282300,672,379,55,44,0,0.786
2025_12_23_20_53_46_EVK4_mag7.3,78322300,672,379,54,43,0,0.7949
2025_12_23_20_53_46_EVK4_mag7.3,78362300,672,379,53,43,0,0.7835
2025_12_23_20_53_46_EVK4_mag7.3,78402300,671,380,54,44,0,0.7804
2025_12_23_20_53_46_EVK4_mag7.3,78442300,672,380,55,43,0,0.773
2025_12_23_20_53_46_EVK4_mag7.3,78482300,672,380,56,44,0,0.7815
2025_12_23_20_53_46_EVK4_mag7.3,78522300,671,380,55,43,0,0.7801
2025_12_23_20_53_46_EVK4_mag7.3,78562300,671,380,54,43,0,0.7702
2025_12_23_20_53_46_EVK4_mag7.3,78602300,672,380,54,43,0,0.7719
2025_12_23_20_53_46_EVK4_mag7.3,78642300,672,380,54,42,0,0.7837
2025_12_23_20_53_46_EVK4_mag7.3,78682300,672,380,54,43,0,0.7719
2025_12_23_20_53_46_EVK4_mag7.3,78722300,672,380,54,43,0,0.7614
2025_12_23_20_53_46_EVK4_mag7.3,78762300,672,380,54,44,0,0.7522
2025_12_23_20_53_46_EVK4_mag7.3,78802300,672,380,55,44,0,0.7581
2025_12_23_20_53_46_EVK4_mag7.3,78842300,673,380,55,44,0,0.7523
2025_12_23_20_53_46_EVK4_mag7.3,78882300,672,380,54,43,0,0.7355
2025_12_23_20_53_46_EVK4_mag7.3,78922300,672,380,54,43,0,0.7607
2025_12_23_20_53_46_EVK4_mag7.3,78962300,672,380,55,45,0,0.755
2025_12_23_20_53_46_EVK4_mag7.3,79002300,672,380,57,47,0,0.7405
2025_12_23_20_53_46_EVK4_mag7.3,79042300,672,380,56,46,0,0.739
2025_12_23_20_53_46_EVK4_mag7.3,79082300,672,385,54,47,0,0.736
2025_12_23_20_53_46_EVK4_mag7.3,79122300,671,380,55,47,0,0.7284
2025_12_23_20_53_46_EVK4_mag7.3,79162300,671,386,54,46,0,0.736
2025_12_23_20_53_46_EVK4_mag7.3,79202300,672,386,54,44,0,0.763
2025_12_23_20_53_46_EVK4_mag7.3,79242300,672,386,54,45,0,0.7659
2025_12_23_20_53_46_EVK4_mag7.3,79282300,672,386,53,43,0,0.7794
2025_12_23_20_53_46_EVK4_mag7.3,79322300,672,386,52,42,0,0.7888
2025_12_23_20_53_46_EVK4_mag7.3,79362300,672,386,51,41,0,0.7953
2025_12_23_20_53_46_EVK4_mag7.3,79402300,672,385,51,40,0,0.7716
2025_12_23_20_53_46_EVK4_mag7.3,79442300,672,385,51,40,0,0.7699
2025_12_23_20_53_46_EVK4_mag7.3,79482300,671,386,51,40,0,0.7813
2025_12_23_20_53_46_EVK4_mag7.3,79522300,671,385,50,40,0,0.7914
2025_12_23_20_53_46_EVK4_mag7.3,79562300,672,386,49,40,0,0.7942
2025_12_23_20_53_46_EVK4_mag7.3,79602300,672,385,48,40,0,0.8011
2025_12_23_20_53_46_EVK4_mag7.3,79642300,672,385,49,40,0,0.8093
2025_12_23_20_53_46_EVK4_mag7.3,79682300,672,385,50,39,0,0.8001
2025_12_23_20_53_46_EVK4_mag7.3,79722300,671,385,50,38,0,0.7877
2025_12_23_20_53_46_EVK4_mag7.3,79762300,671,385,50,38,0,0.7903
2025_12_23_20_53_46_EVK4_mag7.3,79802300,672,385,48,37,0,0.8012
2025_12_23_20_53_46_EVK4_mag7.3,79842300,671,385,47,37,0,0.8124
2025_12_23_20_53_46_EVK4_mag7.3,79882300,671,385,47,38,0,0.8059
2025_12_23_20_53_46_EVK4_mag7.3,79922300,671,385,47,38,0,0.8024
2025_12_23_20_53_46_EVK4_mag7.3,79962300,671,385,46,37,0,0.7953
2025_12_23_20_53_46_EVK4_mag7.3,80002300,671,385,48,37,0,0.7935
2025_12_23_20_53_46_EVK4_mag7.3,80042300,671,385,48,37,0,0.7881
2025_12_23_20_53_46_EVK4_mag7.3,80082300,671,385,47,37,0,0.7919
2025_12_23_20_53_46_EVK4_mag7.3,80122300,671,381,48,38,0,0.8025
2025_12_23_20_53_46_EVK4_mag7.3,80162300,670,381,47,37,0,0.7942
2025_12_23_20_53_46_EVK4_mag7.3,80202300,670,381,47,37,0,0.8017
2025_12_23_20_53_46_EVK4_mag7.3,80242300,671,385,46,37,0,0.7971
2025_12_23_20_53_46_EVK4_mag7.3,80282300,671,385,48,39,0,0.7916
2025_12_23_20_53_46_EVK4_mag7.3,80322300,671,381,48,37,0,0.7854
2025_12_23_20_53_46_EVK4_mag7.3,80362300,671,381,49,38,0,0.7975
2025_12_23_20_53_46_EVK4_mag7.3,80402300,672,385,49,38,0,0.781
2025_12_23_20_53_46_EVK4_mag7.3,80442300,671,380,49,38,0,0.7763
2025_12_23_20_53_46_EVK4_mag7.3,80482300,671,381,49,38,0,0.768
2025_12_23_20_53_46_EVK4_mag7.3,80522300,671,380,49,39,0,0.7737
2025_12_23_20_53_46_EVK4_mag7.3,80562300,671,385,49,38,0,0.7787
2025_12_23_20_53_46_EVK4_mag7.3,80602300,671,385,49,37,0,0.7803
2025_12_23_20_53_46_EVK4_mag7.3,80642300,672,385,49,37,0,0.7855
2025_12_23_20_53_46_EVK4_mag7.3,80682300,672,385,50,38,0,0.78
2025_12_23_20_53_46_EVK4_mag7.3,80722300,671,380,49,37,0,0.7766
2025_12_23_20_53_46_EVK4_mag7.3,80762300,672,385,50,37,0,0.7827
2025_12_23_20_53_46_EVK4_mag7.3,80802300,671,381,49,37,0,0.7988
2025_12_23_20_53_46_EVK4_mag7.3,80842300,672,385,50,38,0,0.8115
2025_12_23_20_53_46_EVK4_mag7.3,80882300,672,385,51,38,0,0.7909
2025_12_23_20_53_46_EVK4_mag7.3,80922300,672,381,50,37,0,0.8131
2025_12_23_20_53_46_EVK4_mag7.3,80962300,671,380,49,37,0,0.8284
2025_12_23_20_53_46_EVK4_mag7.3,81002300,671,380,49,37,0,0.8342
2025_12_23_20_53_46_EVK4_mag7.3,81042300,671,381,50,38,0,0.8115
2025_12_23_20_53_46_EVK4_mag7.3,81082300,671,381,51,39,0,0.7887
2025_12_23_20_53_46_EVK4_mag7.3,81122300,670,380,51,39,0,0.7893
2025_12_23_20_53_46_EVK4_mag7.3,81162300,671,380,50,38,0,0.7945
2025_12_23_20_53_46_EVK4_mag7.3,81202300,671,381,51,38,0,0.7897
2025_12_23_20_53_46_EVK4_mag7.3,81242300,671,385,52,40,0,0.7769
2025_12_23_20_53_46_EVK4_mag7.3,81282300,671,380,52,40,0,0.7755
2025_12_23_20_53_46_EVK4_mag7.3,81322300,671,380,50,39,0,0.795
2025_12_23_20_53_46_EVK4_mag7.3,81362300,671,380,50,39,0,0.788
2025_12_23_20_53_46_EVK4_mag7.3,81402300,671,380,50,39,0,0.7993
2025_12_23_20_53_46_EVK4_mag7.3,81442300,671,381,48,38,0,0.8193
2025_12_23_20_53_46_EVK4_mag7.3,81482300,671,380,48,37,0,0.8143
2025_12_23_20_53_46_EVK4_mag7.3,81522300,671,380,50,38,0,0.807
2025_12_23_20_53_46_EVK4_mag7.3,81562300,671,380,50,38,0,0.8071
2025_12_23_20_53_46_EVK4_mag7.3,81602300,671,380,50,39,0,0.7775
2025_12_23_20_53_46_EVK4_mag7.3,81642300,670,380,51,40,0,0.7545
2025_12_23_20_53_46_EVK4_mag7.3,81682300,670,380,52,40,0,0.752
2025_12_23_20_53_46_EVK4_mag7.3,81722300,670,380,51,39,0,0.7787
2025_12_23_20_53_46_EVK4_mag7.3,81762300,671,381,51,39,0,0.7832
2025_12_23_20_53_46_EVK4_mag7.3,81802300,671,381,52,39,0,0.7605
2025_12_23_20_53_46_EVK4_mag7.3,81842300,671,385,53,41,0,0.7446
2025_12_23_20_53_46_EVK4_mag7.3,81882300,671,380,52,40,0,0.7499
2025_12_23_20_53_46_EVK4_mag7.3,81922300,670,380,51,39,0,0.7733
2025_12_23_20_53_46_EVK4_mag7.3,81962300,670,380,50,38,0,0.792
2025_12_23_20_53_46_EVK4_mag7.3,82002300,670,380,50,38,0,0.7813
2025_12_23_20_53_46_EVK4_mag7.3,82042300,670,380,50,39,0,0.7626
2025_12_23_20_53_46_EVK4_mag7.3,82082300,670,380,49,38,0,0.7667
2025_12_23_20_53_46_EVK4_mag7.3,82122300,670,380,48,37,0,0.7754
2025_12_23_20_53_46_EVK4_mag7.3,82162300,670,380,48,37,0,0.7629
2025_12_23_20_53_46_EVK4_mag7.3,82202300,670,381,48,37,0,0.7651
2025_12_23_20_53_46_EVK4_mag7.3,82242300,670,380,49,38,0,0.7852
2025_12_23_20_53_46_EVK4_mag7.3,82282300,670,380,49,38,0,0.7808
2025_12_23_20_53_46_EVK4_mag7.3,82322300,671,385,48,38,0,0.7726
2025_12_23_20_53_46_EVK4_mag7.3,82362300,671,385,50,38,0,0.7912
2025_12_23_20_53_46_EVK4_mag7.3,82402300,671,380,50,39,0,0.793
2025_12_23_20_53_46_EVK4_mag7.3,82442300,671,380,49,38,0,0.7983
2025_12_23_20_53_46_EVK4_mag7.3,82482300,671,385,50,38,0,0.7728
2025_12_23_20_53_46_EVK4_mag7.3,82522300,671,385,49,37,0,0.7785
2025_12_23_20_53_46_EVK4_mag7.3,82562300,671,381,49,37,0,0.7882
2025_12_23_20_53_46_EVK4_mag7.3,82602300,670,381,48,36,0,0.7749
2025_12_23_20_53_46_EVK4_mag7.3,82642300,670,380,47,36,0,0.7881
2025_12_23_20_53_46_EVK4_mag7.3,82682300,670,380,48,37,0,0.7856
2025_12_23_20_53_46_EVK4_mag7.3,82722300,671,380,47,37,0,0.7989
2025_12_23_20_53_46_EVK4_mag7.3,82762300,671,381,47,36,0,0.7899
2025_12_23_20_53_46_EVK4_mag7.3,82802300,671,385,47,37,0,0.7949
2025_12_23_20_53_46_EVK4_mag7.3,82842300,670,385,46,37,0,0.803
2025_12_23_20_53_46_EVK4_mag7.3,82882300,670,385,47,38,0,0.8102
2025_12_23_20_53_46_EVK4_mag7.3,82922300,670,385,49,41,0,0.7834
2025_12_23_20_53_46_EVK4_mag7.3,82962300,670,385,52,43,0,0.7571
2025_12_23_20_53_46_EVK4_mag7.3,83002300,670,385,52,43,0,0.7478
2025_12_23_20_53_46_EVK4_mag7.3,83042300,670,385,53,44,0,0.7446
2025_12_23_20_53_46_EVK4_mag7.3,83082300,670,385,52,43,0,0.7482
2025_12_23_20_53_46_EVK4_mag7.3,83122300,670,386,51,43,0,0.7745
2025_12_23_20_53_46_EVK4_mag7.3,83162300,670,386,53,44,0,0.7705
2025_12_23_20_53_46_EVK4_mag7.3,83202300,670,386,53,44,0,0.7654
2025_12_23_20_53_46_EVK4_mag7.3,83242300,670,386,54,46,0,0.7496
2025_12_23_20_53_46_EVK4_mag7.3,83282300,670,386,53,45,0,0.7448
2025_12_23_20_53_46_EVK4_mag7.3,83322300,670,386,54,45,0,0.7523
2025_12_23_20_53_46_EVK4_mag7.3,83362300,670,386,53,44,0,0.748
2025_12_23_20_53_46_EVK4_mag7.3,83402300,670,386,53,44,0,0.7672
2025_12_23_20_53_46_EVK4_mag7.3,83442300,670,386,53,43,0,0.7704
2025_12_23_20_53_46_EVK4_mag7.3,83482300,670,386,52,42,0,0.7541
2025_12_23_20_53_46_EVK4_mag7.3,83522300,670,386,51,41,0,0.7435
2025_12_23_20_53_46_EVK4_mag7.3,83562300,669,386,50,41,0,0.7418
2025_12_23_20_53_46_EVK4_mag7.3,83602300,669,386,49,40,0,0.7529
2025_12_23_20_53_46_EVK4_mag7.3,83642300,670,386,49,40,0,0.7575
2025_12_23_20_53_46_EVK4_mag7.3,83682300,669,386,48,40,0,0.7424
2025_12_23_20_53_46_EVK4_mag7.3,83722300,669,386,47,39,0,0.751
2025_12_23_20_53_46_EVK4_mag7.3,83762300,670,386,48,40,0,0.7572
2025_12_23_20_53_46_EVK4_mag7.3,83802300,670,386,48,40,0,0.7646
2025_12_23_20_53_46_EVK4_mag7.3,83842300,670,386,46,39,0,0.7662
2025_12_23_20_53_46_EVK4_mag7.3,83882300,670,386,48,40,0,0.7608
2025_12_23_20_53_46_EVK4_mag7.3,83922300,670,386,48,39,0,0.7466
2025_12_23_20_53_46_EVK4_mag7.3,83962300,671,385,48,38,0,0.7709
2025_12_23_20_53_46_EVK4_mag7.3,84002300,671,386,50,39,0,0.7659
2025_12_23_20_53_46_EVK4_mag7.3,84042300,670,386,51,41,0,0.7534
2025_12_23_20_53_46_EVK4_mag7.3,84082300,670,386,50,41,0,0.7366
2025_12_23_20_53_46_EVK4_mag7.3,84122300,670,386,50,40,0,0.7453
2025_12_23_20_53_46_EVK4_mag7.3,84162300,671,386,51,41,0,0.7565
2025_12_23_20_53_46_EVK4_mag7.3,84202300,670,385,50,40,0,0.7324
2025_12_23_20_53_46_EVK4_mag7.3,84242300,670,385,49,39,0,0.7324
2025_12_23_20_53_46_EVK4_mag7.3,84282300,671,385,49,39,0,0.7462
2025_12_23_20_53_46_EVK4_mag7.3,84322300,671,385,49,39,0,0.7489
2025_12_23_20_53_46_EVK4_mag7.3,84362300,670,385,49,39,0,0.7498
2025_12_23_20_53_46_EVK4_mag7.3,84402300,670,385,49,39,0,0.7424
2025_12_23_20_53_46_EVK4_mag7.3,84442300,670,385,48,38,0,0.7472
2025_12_23_20_53_46_EVK4_mag7.3,84482300,670,385,48,38,0,0.7557
2025_12_23_20_53_46_EVK4_mag7.3,84522300,670,386,48,39,0,0.7769
2025_12_23_20_53_46_EVK4_mag7.3,84562300,670,386,48,39,0,0.7765
2025_12_23_20_53_46_EVK4_mag7.3,84602300,670,386,47,38,0,0.7625
2025_12_23_20_53_46_EVK4_mag7.3,84642300,670,386,47,38,0,0.7682
2025_12_23_20_53_46_EVK4_mag7.3,84682300,670,386,48,39,0,0.7735
2025_12_23_20_53_46_EVK4_mag7.3,84722300,670,386,47,38,0,0.7838
2025_12_23_20_53_46_EVK4_mag7.3,84762300,670,386,48,39,0,0.7886
2025_12_23_20_53_46_EVK4_mag7.3,84802300,671,386,48,39,0,0.7912
2025_12_23_20_53_46_EVK4_mag7.3,84842300,670,385,48,39,0,0.7783
2025_12_23_20_53_46_EVK4_mag7.3,84882300,670,386,48,39,0,0.7932
2025_12_23_20_53_46_EVK4_mag7.3,84922300,670,386,48,39,0,0.791
2025_12_23_20_53_46_EVK4_mag7.3,84962300,670,386,48,40,0,0.7813
2025_12_23_20_53_46_EVK4_mag7.3,85002300,670,386,50,41,0,0.7707
2025_12_23_20_53_46_EVK4_mag7.3,85042300,671,386,50,42,0,0.768
2025_12_23_20_53_46_EVK4_mag7.3,85082300,671,386,49,41,0,0.7685
2025_12_23_20_53_46_EVK4_mag7.3,85122300,671,386,48,41,0,0.7787
2025_12_23_20_53_46_EVK4_mag7.3,85162300,670,386,49,41,0,0.7727
2025_12_23_20_53_46_EVK4_mag7.3,85202300,670,386,50,42,0,0.7711
2025_12_23_20_53_46_EVK4_mag7.3,85242300,671,386,50,42,0,0.7845
2025_12_23_20_53_46_EVK4_mag7.3,85282300,670,386,51,43,0,0.7733
2025_12_23_20_53_46_EVK4_mag7.3,85322300,671,386,51,42,0,0.7813
2025_12_23_20_53_46_EVK4_mag7.3,85362300,671,386,50,42,0,0.7892
2025_12_23_20_53_46_EVK4_mag7.3,85402300,671,386,51,42,0,0.7974
2025_12_23_20_53_46_EVK4_mag7.3,85442300,671,386,51,43,0,0.7851
2025_12_23_20_53_46_EVK4_mag7.3,85482300,670,386,51,43,0,0.7877
2025_12_23_20_53_46_EVK4_mag7.3,85522300,670,386,50,41,0,0.7666
2025_12_23_20_53_46_EVK4_mag7.3,85562300,670,386,50,40,0,0.7789
2025_12_23_20_53_46_EVK4_mag7.3,85602300,670,386,49,40,0,0.7717
2025_12_23_20_53_46_EVK4_mag7.3,85642300,670,386,50,41,0,0.7497
2025_12_23_20_53_46_EVK4_mag7.3,85682300,669,386,49,41,0,0.7401
2025_12_23_20_53_46_EVK4_mag7.3,85722300,669,386,49,41,0,0.7425
2025_12_23_20_53_46_EVK4_mag7.3,85762300,669,386,51,42,0,0.7258
2025_12_23_20_53_46_EVK4_mag7.3,85802300,669,385,50,40,0,0.7404
2025_12_23_20_53_46_EVK4_mag7.3,85842300,669,385,50,40,0,0.7463
2025_12_23_20_53_46_EVK4_mag7.3,85882300,670,385,50,40,0,0.7637
2025_12_23_20_53_46_EVK4_mag7.3,85922300,670,385,49,40,0,0.7839
2025_12_23_20_53_46_EVK4_mag7.3,85962300,670,385,46,39,0,0.7674
2025_12_23_20_53_46_EVK4_mag7.3,86002300,670,386,48,40,0,0.7811
2025_12_23_20_53_46_EVK4_mag7.3,86042300,670,386,47,40,0,0.7876
2025_12_23_20_53_46_EVK4_mag7.3,86082300,669,386,47,41,0,0.7609
2025_12_23_20_53_46_EVK4_mag7.3,86122300,669,386,48,41,0,0.7667
2025_12_23_20_53_46_EVK4_mag7.3,86162300,670,386,49,42,0,0.7735
2025_12_23_20_53_46_EVK4_mag7.3,86202300,670,386,48,42,0,0.7794
2025_12_23_20_53_46_EVK4_mag7.3,86242300,670,386,48,41,0,0.771
2025_12_23_20_53_46_EVK4_mag7.3,86282300,669,385,48,40,0,0.76
2025_12_23_20_53_46_EVK4_mag7.3,86322300,669,385,48,40,0,0.7856
2025_12_23_20_53_46_EVK4_mag7.3,86362300,669,385,49,41,0,0.7663
2025_12_23_20_53_46_EVK4_mag7.3,86402300,669,385,50,41,0,0.7515
2025_12_23_20_53_46_EVK4_mag7.3,86442300,669,385,51,41,0,0.7598
2025_12_23_20_53_46_EVK4_mag7.3,86482300,669,385,51,41,0,0.7581
2025_12_23_20_53_46_EVK4_mag7.3,86522300,669,385,49,40,0,0.7537
2025_12_23_20_53_46_EVK4_mag7.3,86562300,669,385,49,40,0,0.7589
2025_12_23_20_53_46_EVK4_mag7.3,86602300,669,385,49,41,0,0.7605
2025_12_23_20_53_46_EVK4_mag7.3,86642300,669,385,49,40,0,0.769
2025_12_23_20_53_46_EVK4_mag7.3,86682300,669,385,49,41,0,0.7692
2025_12_23_20_53_46_EVK4_mag7.3,86722300,669,385,49,41,0,0.7521
2025_12_23_20_53_46_EVK4_mag7.3,86762300,669,385,48,40,0,0.7473
2025_12_23_20_53_46_EVK4_mag7.3,86802300,669,385,49,40,0,0.751
2025_12_23_20_53_46_EVK4_mag7.3,86842300,669,385,48,39,0,0.7533
2025_12_23_20_53_46_EVK4_mag7.3,86882300,669,385,48,40,0,0.7571
2025_12_23_20_53_46_EVK4_mag7.3,86922300,669,385,48,40,0,0.7505
2025_12_23_20_53_46_EVK4_mag7.3,86962300,669,385,49,40,0,0.7602
2025_12_23_20_53_46_EVK4_mag7.3,87002300,670,385,49,39,0,0.7556
2025_12_23_20_53_46_EVK4_mag7.3,87042300,670,385,49,40,0,0.7567
2025_12_23_20_53_46_EVK4_mag7.3,87082300,670,385,49,40,0,0.7702
2025_12_23_20_53_46_EVK4_mag7.3,87122300,670,385,50,40,0,0.7663
2025_12_23_20_53_46_EVK4_mag7.3,87162300,669,385,51,41,0,0.731
2025_12_23_20_53_46_EVK4_mag7.3,87202300,670,385,50,40,0,0.7221
2025_12_23_20_53_46_EVK4_mag7.3,87242300,670,385,50,40,0,0.7159
2025_12_23_20_53_46_EVK4_mag7.3,87282300,670,385,49,41,0,0.744
2025_12_23_20_53_46_EVK4_mag7.3,87322300,670,385,48,40,0,0.7839
2025_12_23_20_53_46_EVK4_mag7.3,87362300,670,386,49,41,0,0.784
2025_12_23_20_53_46_EVK4_mag7.3,87402300,670,386,51,41,0,0.7817
2025_12_23_20_53_46_EVK4_mag7.3,87442300,670,385,52,41,0,0.8004
2025_12_23_20_53_46_EVK4_mag7.3,87482300,670,385,52,40,0,0.7925
2025_12_23_20_53_46_EVK4_mag7.3,87522300,670,385,52,42,0,0.7711
2025_12_23_20_53_46_EVK4_mag7.3,87562300,669,385,51,43,0,0.7555
2025_12_23_20_53_46_EVK4_mag7.3,87602300,670,385,51,43,0,0.768
2025_12_23_20_53_46_EVK4_mag7.3,87642300,670,386,51,42,0,0.7843
2025_12_23_20_53_46_EVK4_mag7.3,87682300,670,386,51,42,0,0.7691
2025_12_23_20_53_46_EVK4_mag7.3,87722300,670,385,50,40,0,0.7733
2025_12_23_20_53_46_EVK4_mag7.3,87762300,670,385,49,40,0,0.7804
2025_12_23_20_53_46_EVK4_mag7.3,87802300,670,385,49,40,0,0.7752
2025_12_23_20_53_46_EVK4_mag7.3,87842300,670,385,49,40,0,0.7799
2025_12_23_20_53_46_EVK4_mag7.3,87882300,670,385,48,40,0,0.7843
2025_12_23_20_53_46_EVK4_mag7.3,87922300,670,385,49,41,0,0.7771
2025_12_23_20_53_46_EVK4_mag7.3,87962300,670,385,49,41,0,0.788
2025_12_23_20_53_46_EVK4_mag7.3,88002300,670,385,50,41,0,0.7782
2025_12_23_20_53_46_EVK4_mag7.3,88042300,670,385,51,43,0,0.7557
2025_12_23_20_53_46_EVK4_mag7.3,88082300,670,385,49,42,0,0.7684
2025_12_23_20_53_46_EVK4_mag7.3,88122300,670,385,48,40,0,0.7737
2025_12_23_20_53_46_EVK4_mag7.3,88162300,670,385,47,39,0,0.7657
2025_12_23_20_53_46_EVK4_mag7.3,88202300,670,385,47,40,0,0.7495
2025_12_23_20_53_46_EVK4_mag7.3,88242300,670,385,48,40,0,0.7733
2025_12_23_20_53_46_EVK4_mag7.3,88282300,670,385,47,40,0,0.7758
2025_12_23_20_53_46_EVK4_mag7.3,88322300,669,385,48,40,0,0.7598
2025_12_23_20_53_46_EVK4_mag7.3,88362300,669,385,47,41,0,0.7282
2025_12_23_20_53_46_EVK4_mag7.3,88402300,670,385,48,40,0,0.7219
2025_12_23_20_53_46_EVK4_mag7.3,88442300,669,385,47,40,0,0.7342
2025_12_23_20_53_46_EVK4_mag7.3,88482300,670,385,47,40,0,0.7555
2025_12_23_20_53_46_EVK4_mag7.3,88522300,669,385,47,40,0,0.7651
2025_12_23_20_53_46_EVK4_mag7.3,88562300,670,385,47,40,0,0.7761
2025_12_23_20_53_46_EVK4_mag7.3,88602300,670,385,47,40,0,0.7571
2025_12_23_20_53_46_EVK4_mag7.3,88642300,669,385,48,40,0,0.7515
2025_12_23_20_53_46_EVK4_mag7.3,88682300,670,385,47,39,0,0.748
2025_12_23_20_53_46_EVK4_mag7.3,88722300,670,385,45,37,0,0.7541
2025_12_23_20_53_46_EVK4_mag7.3,88762300,670,385,46,37,0,0.7654
2025_12_23_20_53_46_EVK4_mag7.3,88802300,670,385,48,37,0,0.7785
2025_12_23_20_53_46_EVK4_mag7.3,88842300,670,385,45,34,0,0.7423
