sequence_id,timestamp_us,x,y,w,h,class_id,confidence
DAVIS_COSMOS1933_18958_2024-12-04-18-37-01,1733323049704296,178,20,12,19,0,0.3891
DAVIS_COSMOS1933_18958_2024-12-04-18-37-01,1733323049744296,171,69,12,15,0,0.3312
DAVIS_COSMOS1933_18958_2024-12-04-18-37-01,1733323049784296,167,107,13,21,0,0.3954
DAVIS_COSMOS1933_18958_2024-12-04-18-37-01,1733323049864296,156,196,12,21,0,0.4228
DAVIS_COSMOS1933_18958_2024-12-04-18-37-01,1733323049904296,150,251,12,16,0,0.4158
DAVIS_COSMOS1933_18958_2024-12-04-18-37-01,1733323049944296,149,253,9,13,0,0.4516
DAVIS_COSMOS1933_18958_2024-12-04-18-37-01,1733323079784296,189,12,12,22,0,0.3747
DAVIS_COSMOS1933_18958_2024-12-04-18-37-01,1733323079824296,183,69,14,22,0,0.3689
DAVIS_COSMOS1933_18958_2024-12-04-18-37-01,1733323079864296,181,91,15,24,0,0.3094
DAVIS_COSMOS1933_18958_2024-12-04-18-37-01,1733323079904296,172,175,14,19,0,0.3934
DAVIS_COSMOS1933_18958_2024-12-04-18-37-01,1733323079944296,165,232,13,23,0,0.3621
DAVIS_COSMOS1933_18958_2024-12-04-18-37-01,1733323090024296,185,188,6,7,0,0.3223
DAVIS_COSMOS1933_18958_2024-12-04-18-37-01,1733323090424296,192,188,6,6,0,0.405
DAVIS_COSMOS1933_18958_2024-12-04-18-37-01,1733323090464296,193,187,6,7,0,0.3213
DAVIS_COSMOS1933_18958_2024-12-04-18-37-01,1733323090584296,196,188,6,6,0,0.3326
DAVIS_COSMOS1933_18958_2024-12-04-18-37-01,1733323090624296,197,188,6,6,0,0.3404
DAVIS_COSMOS1933_18958_2024-12-04-18-37-01,1733323091144296,207,190,6,7,0,0.3481
DAVIS_COSMOS1933_18958_2024-12-04-18-37-01,1733323091264296,208,191,6,7,0,0.3362
DAVIS_COSMOS1933_18958_2024-12-04-18-37-01,1733323091304296,210,191,7,7,0,0.3044
DAVIS_COSMOS1933_18958_2024-12-04-18-37-01,1733323092184296,228,191,6,7,0,0.3251
DAVIS_COSMOS1933_18958_2024-12-04-18-37-01,1733323092224296,228,192,7,7,0,0.3522
DAVIS_COSMOS1933_18958_2024-12-04-18-37-01,1733323092944296,243,192,7,7,0,0.3608
DAVIS_COSMOS1933_18958_2024-12-04-18-37-01,1733323092984296,244,192,7,7,0,0.3291
DAVIS_COSMOS1933_18958_2024-12-04-18-37-01,1733323093184296,248,192,7,7,0,0.3632
DAVIS_COSMOS1933_18958_2024-12-04-18-37-01,1733323093464296,253,194,6,7,0,0.4227
DAVIS_COSMOS1933_18958_2024-12-04-18-37-01,1733323093504296,254,193,5,7,0,0.3169
DAVIS_COSMOS1933_18958_2024-12-04-18-37-01,1733323093664296,258,194,6,6,0,0.3123
DAVIS_COSMOS1933_18958_2024-12-04-18-37-01,1733323093744296,259,195,6,6,0,0.3217
DAVIS_COSMOS1933_18958_2024-12-04-18-37-01,1733323093784296,260,196,7,7,0,0.3004
DAVIS_COSMOS1933_18958_2024-12-04-18-37-01,1733323093824296,260,196,6,7,0,0.4088
DAVIS_COSMOS1933_18958_2024-12-04-18-37-01,1733323093864296,261,196,6,7,0,0.3099
DAVIS_COSMOS1933_18958_2024-12-04-18-37-01,1733323095144296,287,196,7,7,0,0.3541
DAVIS_COSMOS1933_18958_2024-12-04-18-37-01,1733323095264296,290,196,7,8,0,0.3517
DAVIS_COSMOS1933_18958_2024-12-04-18-37-01,1733323095864296,301,197,7,8,0,0.3915
DAVIS_COSMOS1933_18958_2024-12-04-18-37-01,1733323095904296,302,196,7,7,0,0.5868
DAVIS_COSMOS1933_18958_2024-12-04-18-37-01,1733323095944296,301,196,7,6,0,0.413
DAVIS_COSMOS1933_18958_2024-12-04-18-37-01,1733323096704296,319,199,8,7,0,0.4412
DAVIS_COSMOS1933_18958_2024-12-04-18-37-01,1733323109864296,204,42,14,21,0,0.4375
DAVIS_COSMOS1933_18958_2024-12-04-18-37-01,1733323109904296,194,129,13,23,0,0.3931
DAVIS_COSMOS1933_18958_2024-12-04-18-37-01,1733323109944296,185,213,14,25,0,0.388
DAVIS_COSMOS1933_18958_2024-12-04-18-37-01,1733323109984296,182,248,17,29,0,0.3537
DAVIS_COSMOS1933_18958_2024-12-04-18-37-01,1733323132304296,226,43,8,9,0,0.3552
DAVIS_COSMOS1933_18958_2024-12-04-18-37-01,1733323139904296,225,28,15,26,0,0.4545
DAVIS_COSMOS1933_18958_2024-12-04-18-37-01,1733323139944296,212,161,14,24,0,0.4896
DAVIS_COSMOS1933_18958_2024-12-04-18-37-01,1733323139984296,204,248,15,26,0,0.4214
DAVIS_COSMOS1933_18958_2024-12-04-18-37-01,1733323169944296,243,58,14,25,0,0.3831
DAVIS_COSMOS1933_18958_2024-12-04-18-37-01,1733323169984296,229,226,13,19,0,0.4479
DAVIS_COSMOS1933_18958_2024-12-04-18-37-01,1733323170024296,229,237,15,27,0,0.3994
DAVIS_COSMOS1933_18958_2024-12-04-18-37-01,1733323229984296,118,253,14,20,0,0.5049
DAVIS_COSMOS1933_18958_2024-12-04-18-37-01,1733323230024296,131,132,13,17,0,0.429
DAVIS_COSMOS1933_18958_2024-12-04-18-37-01,1733323230064296,141,23,15,27,0,0.4312
DAVIS_COSMOS1933_18958_2024-12-04-18-37-01,1733323230104296,143,7,14,21,0,0.487
DAVIS_COSMOS1933_18958_2024-12-04-18-37-01,1733323260024296,129,240,13,21,0,0.4474
DAVIS_COSMOS1933_18958_2024-12-04-18-37-01,1733323260064296,136,164,14,27,0,0.3723
DAVIS_COSMOS1933_18958_2024-12-04-18-37-01,1733323260104296,145,77,15,23,0,0.4926
DAVIS_COSMOS1933_18958_2024-12-04-18-37-01,1733323260144296,152,7,14,23,0,0.4582
DAVIS_COSMOS1933_18958_2024-12-04-18-37-01,1733323290064296,133,251,13,20,0,0.4666
DAVIS_COSMOS1933_18958_2024-12-04-18-37-01,1733323290104296,140,196,13,26,0,0.4632
DAVIS_COSMOS1933_18958_2024-12-04-18-37-01,1733323290144296,146,137,15,19,0,0.4849
DAVIS_COSMOS1933_18958_2024-12-04-18-37-01,1733323290184296,153,83,14,24,0,0.5026
DAVIS_COSMOS1933_18958_2024-12-04-18-37-01,1733323290224296,160,23,15,19,0,0.5014
DAVIS_COSMOS1933_18958_2024-12-04-18-37-01,1733323290264296,163,4,16,24,0,0.4343
DAVIS_COSMOS1933_18958_2024-12-04-18-37-01,1733323320104296,100,258,9,11,0,0.4019
DAVIS_COSMOS1933_18958_2024-12-04-18-37-01,1733323320144296,114,226,15,22,0,0.4872
DAVIS_COSMOS1933_18958_2024-12-04-18-37-01,1733323320184296,132,186,16,20,0,0.4896
DAVIS_COSMOS1933_18958_2024-12-04-18-37-01,1733323320224296,146,150,17,23,0,0.4286
DAVIS_COSMOS1933_18958_2024-12-04-18-37-01,1733323320264296,164,112,16,22,0,0.4626
DAVIS_COSMOS1933_18958_2024-12-04-18-37-01,1733323320304296,182,72,16,18,0,0.4896
DAVIS_COSMOS1933_18958_2024-12-04-18-37-01,1733323320344296,197,37,15,22,0,0.4488
DAVIS_COSMOS1933_18958_2024-12-04-18-37-01,1733323320384296,210,7,16,22,0,0.4329
